1403638522.827830 0.055656 0.043438 0.184363  0.815791  0.030631  0.575958 -0.042647
1403638522.927830 0.029353 0.011838 0.320917  0.809858  0.015301  0.583038 -0.062949
1403638523.027829 0.031490 0.005266 0.362289  0.806926  0.016750  0.585691 -0.074541
1403638523.127830  0.031024 -0.000346  0.387125  0.805397  0.018482  0.587493 -0.076457
1403638523.227829  0.027462 -0.004861  0.390353  0.802837  0.015700  0.592133 -0.067717
1403638523.327830  0.024331 -0.008492  0.369384  0.798429  0.012001  0.599631 -0.053008
1403638523.427830  0.022332 -0.012073  0.332604  0.797586  0.012678  0.601030 -0.049580
1403638523.527829  0.019821 -0.016635  0.285194  0.803531  0.014512  0.593684 -0.040814
1403638523.627830  0.015657 -0.024090  0.233475  0.814190  0.018144  0.579349 -0.033466
1403638523.727829  0.011285 -0.029759  0.184675  0.820778  0.020602  0.570174 -0.028274
1403638523.827830  0.006481 -0.034040  0.139493  0.822802  0.023341  0.567245 -0.026196
1403638523.927830  0.001109 -0.040518  0.099428  0.822670  0.027301  0.567556 -0.018694
1403638524.027829 -0.005011 -0.047575  0.075297  0.825047  0.038044  0.563593 -0.014594
1403638524.127830 -0.006862 -0.048318  0.078184  0.828185  0.048336  0.558191 -0.014019
1403638524.227829 -0.007053 -0.047789  0.110250  0.830189  0.055326  0.554229 -0.023560
1403638524.327830 -0.005991 -0.047881  0.159645  0.829108  0.056308  0.555239 -0.033452
1403638524.427830 -0.001783 -0.047022  0.217401  0.824235  0.053776  0.562145 -0.041682
1403638524.527829  0.003568 -0.045398  0.277801  0.815879  0.052744  0.573913 -0.046727
1403638524.627830  0.010429 -0.042566  0.335191  0.807859  0.049071  0.585417 -0.047368
1403638524.727829  0.017136 -0.038132  0.382823  0.803051  0.044098  0.592987 -0.039131
1403638524.827830  0.021977 -0.033495  0.415950  0.800929  0.039747  0.596770 -0.028269
1403638524.927830  0.025389 -0.029169  0.434728  0.800374  0.041056  0.597109 -0.034317
1403638525.027829  0.026117 -0.027392  0.434099  0.798591  0.045575  0.598799 -0.040192
1403638525.127830  0.028021 -0.025367  0.410248  0.796320  0.049360  0.601796 -0.035765
1403638525.227829  0.030096 -0.025184  0.369556  0.796854  0.054536  0.600710 -0.034587
1403638525.327830  0.029677 -0.025405  0.318641  0.803105  0.059954  0.591722 -0.035966
1403638525.427830  0.027228 -0.024579  0.264934  0.814698  0.063732  0.574915 -0.040966
1403638525.527829  0.025224 -0.024648  0.215584  0.826328  0.063984  0.557422 -0.048672
1403638525.627830  0.024041 -0.026294  0.172828  0.832390  0.061558  0.548398 -0.050958
1403638525.727829  0.023596 -0.030216  0.138547  0.833747  0.057510  0.546889 -0.049700
1403638525.827830  0.023946 -0.030389  0.112773  0.830738  0.051152  0.552482 -0.044954
1403638525.927830  0.022831 -0.033547  0.095131  0.827920  0.048283  0.557595 -0.036125
1403638526.027829  0.020971 -0.047447  0.088936  0.828295  0.047788  0.557454 -0.029805
1403638526.127830  0.015601 -0.073709  0.094007  0.831741  0.043424  0.552676 -0.029518
1403638526.227829  0.012285 -0.106518  0.105046  0.833287  0.034488  0.551059 -0.027881
1403638526.327830  0.006819 -0.144683  0.119064  0.830885  0.025833  0.555289 -0.024821
1403638526.427830 -0.000696 -0.187779  0.132511  0.826430  0.016324  0.562344 -0.022708
1403638526.527829 -0.010027 -0.235243  0.142744  0.821824  0.004480  0.569309 -0.021732
1403638526.627830 -0.019896 -0.289581  0.149741  0.816739 -0.005086  0.576654 -0.019551
1403638526.727829 -0.031829 -0.351022  0.155137  0.812966 -0.012280  0.582006 -0.014288
1403638526.827830 -0.046539 -0.416315  0.158952  0.810728 -0.016402  0.585184 -0.003256
1403638526.927830 -0.062035 -0.479993  0.161599  0.811873 -0.020300  0.583480  0.001046
1403638527.027829 -0.075663 -0.540507  0.163870  0.816369 -0.029564  0.576739  0.006254
1403638527.127830 -0.086370 -0.596108  0.167553  0.820339 -0.043850  0.570037  0.013379
1403638527.227829 -0.095043 -0.642948  0.173471  0.819936 -0.058612  0.569017  0.022102
1403638527.327830 -0.096653 -0.676207  0.179609  0.815774 -0.069767  0.573038  0.035694
1403638527.427830 -0.091962 -0.689291  0.183728  0.811648 -0.075222  0.577282  0.048111
1403638527.527829 -0.082497 -0.679678  0.184830  0.810510 -0.076959  0.578211  0.053129
1403638527.627830 -0.066186 -0.645788  0.182468  0.812040 -0.074839  0.576499  0.051367
1403638527.727829 -0.050458 -0.601290  0.181212  0.812836 -0.067584  0.576642  0.047056
1403638527.827830 -0.030733 -0.547737  0.180819  0.815425 -0.060637  0.574558  0.035888
1403638527.927830 -0.013393 -0.489244  0.184201  0.817720 -0.055590  0.572534  0.021166
1403638528.027829  0.003321 -0.431885  0.187536  0.816747 -0.049209  0.574708  0.014643
1403638528.127830  0.018852 -0.373694  0.188860  0.815652 -0.041116  0.577052  0.005656
1403638528.227829  0.036011 -0.319417  0.184406  0.816566 -0.032510  0.576324 -0.003657
1403638528.327830  0.062645 -0.274592  0.179203  0.817068 -0.022606  0.575930 -0.013930
1403638528.427830  0.093680 -0.242461  0.173336  0.815533 -0.017527  0.578240 -0.015394
1403638528.527829  0.128816 -0.219092  0.168206  0.816267 -0.017894  0.577254 -0.012887
1403638528.627830  0.164909 -0.200531  0.165729  0.818752 -0.025653  0.573432 -0.012760
1403638528.727829  0.198842 -0.186920  0.166882  0.819156 -0.031737  0.572598 -0.010401
1403638528.827830  0.222207 -0.176792  0.171391  0.818508 -0.038351  0.573158 -0.007959
1403638528.927830  0.228947 -0.169172  0.181046  0.817966 -0.046690  0.573207 -0.013575
1403638529.027829  0.219353 -0.160715  0.196893  0.818750 -0.051336  0.571548 -0.018578
1403638529.127830  0.194981 -0.149640  0.211376  0.819525 -0.048332  0.570954 -0.007283
1403638529.227829  0.163096 -0.132813  0.215586  0.820795 -0.041327  0.569660  0.008671
1403638529.327830  0.127352 -0.113979  0.209813  0.824010 -0.036416  0.565150  0.016925
1403638529.427830  0.093110 -0.091247  0.192024  0.831748 -0.033119  0.553819  0.019574
1403638529.527829  0.065823 -0.077879  0.170331  0.842798 -0.031054  0.537089  0.016172
1403638529.627830  0.043500 -0.066590  0.144593  0.850069 -0.027925  0.525629  0.017806
1403638529.727829  0.027509 -0.062495  0.118355  0.849782 -0.026151  0.526175  0.018061
1403638529.827830  0.018676 -0.053584  0.095883  0.843662 -0.027462  0.535897  0.017177
1403638529.927830  0.013529 -0.046365  0.077251  0.838594 -0.028561  0.543717  0.017774
1403638530.027829  0.016045 -0.042481  0.063712  0.838231 -0.029462  0.544188  0.018967
1403638530.127830  0.026111 -0.041201  0.053747  0.840507 -0.032016  0.540500  0.019584
1403638530.227829  0.040814 -0.042009  0.043887  0.841063 -0.037918  0.539160  0.021954
1403638530.327830  0.055188 -0.044185  0.033726  0.840362 -0.044198  0.539713  0.023417
1403638530.427830  0.068172 -0.047708  0.024779  0.839744 -0.048649  0.540109  0.027328
1403638530.527829  0.078459 -0.051584  0.018221  0.839495 -0.052874  0.540190  0.025442
1403638530.627830  0.084379 -0.055766  0.013252  0.840658 -0.055730  0.537975  0.027765
1403638530.727829  0.087919 -0.058478  0.008049  0.844406 -0.058232  0.531757  0.028684
1403638530.827830  0.090513 -0.060553  0.002833  0.846398 -0.059101  0.528458  0.029156
1403638530.927830  0.092407 -0.061531 -0.000852  0.845303 -0.058864  0.530325  0.027431
1403638531.027829  0.093128 -0.061541 -0.003460  0.842467 -0.059001  0.534849  0.026545
1403638531.127830  0.092492 -0.060389 -0.003637  0.838831 -0.057729  0.540545  0.029006
1403638531.227829  0.093059 -0.059102 -0.004335  0.838577 -0.054920  0.541117  0.031057
1403638531.327830  0.093004 -0.057779 -0.005162  0.835099 -0.055120  0.546411  0.031723
1403638531.427830  0.093017 -0.057875 -0.005355  0.836104 -0.054371  0.544922  0.032157
1403638531.527829  0.092642 -0.057939 -0.005280  0.835316 -0.054886  0.546105  0.031687
1403638531.627830  0.092583 -0.058065 -0.005330  0.835361 -0.054008  0.546078  0.032459
1403638531.727829  0.092577 -0.058051 -0.005377  0.835433 -0.054582  0.545905  0.032561
1403638531.827830  0.092632 -0.058073 -0.005411  0.835380 -0.054820  0.545954  0.032701
1403638531.927830  0.092641 -0.058057 -0.005432  0.835299 -0.055097  0.546048  0.032735
1403638532.027829  0.092664 -0.058051 -0.005474  0.835229 -0.055345  0.546126  0.032816
1403638532.127830  0.092715 -0.058104 -0.005471  0.835148 -0.055557  0.546215  0.033016
1403638532.227829  0.092668 -0.058131 -0.005481  0.835177 -0.055468  0.546165  0.033261
1403638532.327830  0.092700 -0.058210 -0.005467  0.835068 -0.055563  0.546302  0.033572
1403638532.427830  0.092685 -0.058260 -0.005465  0.835036 -0.055570  0.546342  0.033716
1403638532.527829  0.092690 -0.058289 -0.005465  0.834992 -0.055675  0.546392  0.033829
1403638532.627830  0.092707 -0.058318 -0.005483  0.834964 -0.055789  0.546418  0.033928
1403638532.727829  0.092701 -0.058320 -0.005497  0.834914 -0.055876  0.546481  0.033990
1403638532.827830  0.092720 -0.058331 -0.005481  0.834873 -0.055964  0.546530  0.034045
1403638532.927830  0.092699 -0.058337 -0.005486  0.834854 -0.055956  0.546553  0.034161
1403638533.027829  0.092709 -0.058372 -0.005477  0.834800 -0.056030  0.546621  0.034272
1403638533.127830  0.092703 -0.058388 -0.005475  0.834777 -0.056077  0.546648  0.034326
1403638533.227829  0.092701 -0.058409 -0.005491  0.834735 -0.056142  0.546700  0.034412
1403638533.327830  0.092713 -0.058419 -0.005480  0.834685 -0.056187  0.546767  0.034511
1403638533.427830  0.092697 -0.058429 -0.005497  0.834665 -0.056234  0.546793  0.034488
1403638533.527829  0.092711 -0.058442 -0.005487  0.834624 -0.056275  0.546846  0.034571
1403638533.627830  0.092713 -0.058469 -0.005482  0.834602 -0.056269  0.546876  0.034649
1403638533.727829  0.092690 -0.058466 -0.005486  0.834611 -0.056304  0.546854  0.034714
1403638533.827830  0.092703 -0.058493 -0.005487  0.834539 -0.056392  0.546954  0.034722
1403638533.927830  0.092749 -0.058491 -0.005542  0.834583 -0.056281  0.546900  0.034696
1403638534.027829  0.092717 -0.058496 -0.005535  0.834544 -0.056442  0.546938  0.034789
1403638534.127830  0.092696 -0.058506 -0.005502  0.834570 -0.056592  0.546877  0.034874
1403638534.227829  0.092683 -0.058477 -0.005490  0.834548 -0.056626  0.546916  0.034721
1403638534.327830  0.092706 -0.058446 -0.005465  0.834617 -0.056548  0.546833  0.034502
1403638534.427830  0.092694 -0.058421 -0.005479  0.834724 -0.056560  0.546673  0.034420
1403638534.527829  0.092681 -0.058466 -0.005464  0.834735 -0.056806  0.546619  0.034633
1403638534.627830  0.092708 -0.058431 -0.005431  0.834819 -0.056365  0.546552  0.034380
1403638534.727829  0.092726 -0.058418 -0.005437  0.834833 -0.056102  0.546570  0.034184
1403638534.827830  0.092716 -0.058425 -0.005433  0.834798 -0.056183  0.546609  0.034280
1403638534.927830  0.092687 -0.058471 -0.005449  0.834811 -0.056392  0.546549  0.034563
1403638535.027829  0.092682 -0.058491 -0.005435  0.834833 -0.056344  0.546525  0.034491
1403638535.127830  0.092681 -0.058487 -0.005422  0.834874 -0.056278  0.546470  0.034465
1403638535.227829  0.092679 -0.058497 -0.005438  0.834859 -0.056274  0.546499  0.034389
1403638535.327830  0.092680 -0.058501 -0.005428  0.834852 -0.056316  0.546504  0.034410
1403638535.427830  0.092678 -0.058477 -0.005406  0.834839 -0.056255  0.546528  0.034447
1403638535.527829  0.092691 -0.058463 -0.005403  0.834815 -0.056277  0.546566  0.034382
1403638535.627830  0.092688 -0.058448 -0.005415  0.834860 -0.056208  0.546508  0.034335
1403638535.727829  0.092688 -0.058447 -0.005411  0.834854 -0.056228  0.546516  0.034309
1403638535.827830  0.092689 -0.058451 -0.005415  0.834851 -0.056193  0.546529  0.034242
1403638535.927830  0.092678 -0.058439 -0.005420  0.834863 -0.056214  0.546511  0.034209
1403638536.027829  0.092679 -0.058447 -0.005412  0.834864 -0.056191  0.546516  0.034119
1403638536.127830  0.092682 -0.058436 -0.005410  0.834866 -0.056197  0.546516  0.034082
1403638536.227829  0.092698 -0.058437 -0.005394  0.834855 -0.056178  0.546539  0.034014
1403638536.327830  0.092698 -0.058433 -0.005408  0.834769 -0.056138  0.546676  0.033979
1403638536.427830  0.092696 -0.058431 -0.005408  0.834752 -0.056197  0.546691  0.034047
1403638536.527829  0.092697 -0.058433 -0.005395  0.834771 -0.056131  0.546674  0.033981
1403638536.627830  0.092682 -0.058414 -0.005400  0.834730 -0.056206  0.546729  0.033978
1403638536.727829  0.092687 -0.058429 -0.005403  0.834725 -0.056157  0.546735  0.034072
1403638536.827830  0.092685 -0.058455 -0.005410  0.834707 -0.056210  0.546757  0.034082
1403638536.927830  0.092683 -0.058475 -0.005406  0.834671 -0.056221  0.546809  0.034100
1403638537.027829  0.092689 -0.058467 -0.005395  0.834715 -0.056194  0.546746  0.034088
1403638537.127830  0.092697 -0.058439 -0.005398  0.834706 -0.056119  0.546763  0.034167
1403638537.227829  0.092698 -0.058419 -0.005381  0.834712 -0.056177  0.546748  0.034151
1403638537.327830  0.092708 -0.058409 -0.005383  0.834682 -0.056144  0.546802  0.034077
1403638537.427830  0.092710 -0.058397 -0.005389  0.834676 -0.056097  0.546820  0.034017
1403638537.527829  0.092718 -0.058380 -0.005370  0.834686 -0.056048  0.546807  0.034053
1403638537.627830  0.092717 -0.058371 -0.005345  0.834708 -0.055951  0.546776  0.034171
1403638537.727829  0.092716 -0.058410 -0.005335  0.834776 -0.055988  0.546666  0.034207
1403638537.827830  0.092714 -0.058381 -0.005310  0.834739 -0.055984  0.546725  0.034171
1403638537.927830  0.092735 -0.058370 -0.005328  0.834716 -0.055920  0.546774  0.034075
1403638538.027829  0.092726 -0.058384 -0.005274  0.834784 -0.055961  0.546662  0.034126
1403638538.127830  0.092718 -0.058392 -0.005252  0.834669 -0.055961  0.546827  0.034309
1403638538.227829  0.092734 -0.058374 -0.005277  0.834708 -0.055967  0.546769  0.034267
1403638538.327830  0.092713 -0.058375 -0.005303  0.834749 -0.055860  0.546720  0.034220
1403638538.427830  0.092792 -0.058352 -0.005217  0.834582 -0.055948  0.546957  0.034368
1403638538.527829  0.092758 -0.058395 -0.005114  0.834534 -0.056043  0.547016  0.034436
1403638538.627830  0.092709 -0.058430 -0.005019  0.834337 -0.056149  0.547293  0.034640
1403638538.727829  0.092670 -0.058500 -0.004904  0.834025 -0.056115  0.547760  0.034821
1403638538.827830  0.093440 -0.058345 -0.004773  0.833497 -0.055670  0.548632  0.034435
1403638538.927830  0.095676 -0.058385 -0.002981  0.830174 -0.056117  0.553474  0.036454
1403638539.027829  0.099076 -0.058211  0.000164  0.825518 -0.056521  0.560302  0.037238
1403638539.127830  0.105037 -0.058193  0.006001  0.819037 -0.057577  0.569681  0.036436
1403638539.227829  0.112834 -0.057811  0.017737  0.814363 -0.056821  0.576444  0.036020
1403638539.327830  0.120528 -0.057435  0.038010  0.813449 -0.056504  0.577798  0.035471
1403638539.427830  0.128256 -0.057377  0.065396  0.815066 -0.055410  0.575629  0.035333
1403638539.527829  0.136034 -0.057557  0.098037  0.817055 -0.054238  0.572940  0.034918
1403638539.627830  0.144242 -0.058043  0.130601  0.817744 -0.053268  0.572101  0.034022
1403638539.727829  0.153058 -0.058585  0.153384  0.818400 -0.052255  0.571294  0.033375
1403638539.827830  0.162582 -0.058568  0.165782  0.820018 -0.050912  0.569100  0.033206
1403638539.927830  0.174902 -0.058530  0.174175  0.823901 -0.050234  0.563602  0.031881
1403638540.027829  0.189785 -0.058609  0.182897  0.829329 -0.050703  0.555616  0.030564
1403638540.127830  0.209519 -0.058828  0.190970  0.835197 -0.050546  0.546786  0.030273
1403638540.227829  0.236937 -0.059432  0.200126  0.835121 -0.049236  0.546996  0.030713
1403638540.327830  0.271590 -0.060507  0.211345  0.828914 -0.048137  0.556419  0.031337
1403638540.427830  0.311566 -0.061576  0.220365  0.824345 -0.044147  0.563538  0.030522
1403638540.527829  0.353624 -0.060259  0.228232  0.823883 -0.035495  0.565093  0.025037
1403638540.627830  0.398522 -0.057002  0.235687  0.824077 -0.021470  0.565838  0.016239
1403638540.727829  0.463784 -0.061386  0.230513 0.823403 0.000353 0.567393 0.008548
1403638540.827830  0.517617 -0.056466  0.231308  0.823811  0.028299  0.566149 -0.003127
1403638540.927830  0.568866 -0.044381  0.235123  0.822614  0.056374  0.565607 -0.014726
1403638541.027829  0.618739 -0.030894  0.230596  0.822883  0.080735  0.561426 -0.033869
1403638541.127830  0.669826 -0.014394  0.227100  0.821426  0.096787  0.560098 -0.046709
1403638541.227829 0.720874 0.007234 0.220469  0.820330  0.107675  0.559030 -0.054325
1403638541.327830 0.771955 0.032310 0.216654  0.819617  0.113511  0.558520 -0.058294
1403638541.427830 0.822883 0.061182 0.218868  0.819655  0.114615  0.557991 -0.060617
1403638541.527829 0.875000 0.095819 0.228827  0.818299  0.114777  0.560214 -0.058079
1403638541.627830 0.927149 0.135069 0.243371  0.816720  0.117033  0.561929 -0.059224
1403638541.727829 0.983946 0.185853 0.269603  0.814170  0.119681  0.564635 -0.063174
1403638541.827830 1.034872 0.237211 0.297895  0.813047  0.126041  0.563351 -0.075522
1403638541.927830 1.079302 0.295410 0.332659  0.811740  0.137532  0.560861 -0.087166
1403638542.027829 1.125886 0.352148 0.356529  0.809822  0.153071  0.557400 -0.100311
1403638542.127830 1.160268 0.408394 0.378919  0.806481  0.173868  0.552999 -0.116402
1403638542.227829 1.203347 0.465541 0.392825  0.802421  0.194608  0.548391 -0.132350
1403638542.327830 1.249848 0.524781 0.401646  0.797239  0.217388  0.543938 -0.145890
1403638542.427830 1.299817 0.585767 0.408153  0.786217  0.236837  0.549411 -0.154659
1403638542.527829 1.346741 0.646743 0.411529  0.772949  0.255270  0.559957 -0.154388
1403638542.627830 1.389511 0.711035 0.414179  0.764841  0.269152  0.565587 -0.150619
1403638542.727829 1.422663 0.778341 0.421459  0.765292  0.273145  0.562096 -0.154167
1403638542.827830 1.450065 0.850222 0.436531  0.769969  0.269868  0.554767 -0.162951
1403638542.927830 1.466923 0.922131 0.456690  0.775356  0.266584  0.546954 -0.169109
1403638543.027829 1.485771 0.997774 0.486323  0.779603  0.263267  0.541810 -0.171322
1403638543.127830 1.499873 1.072568 0.511617  0.781922  0.259887  0.539558 -0.173015
1403638543.227829 1.513381 1.146920 0.533333  0.782849  0.258126  0.539347 -0.172116
1403638543.327830 1.527734 1.222661 0.546829  0.783507  0.255777  0.539489 -0.172183
1403638543.427830 1.544156 1.302507 0.556893  0.783547  0.256940  0.538642 -0.172920
1403638543.527829 1.559106 1.382952 0.567030  0.781845  0.263783  0.536667 -0.176422
1403638543.627830 1.574085 1.463757 0.568345  0.777363  0.279284  0.533614 -0.181557
1403638543.727829 1.588997 1.547646 0.573407  0.770586  0.298399  0.529949 -0.190550
1403638543.827830 1.600726 1.629937 0.581804  0.760843  0.321414  0.526901 -0.200465
1403638543.927830 1.611074 1.712066 0.597644  0.751420  0.342037  0.521713 -0.214929
1403638544.027829 1.621656 1.793343 0.618940  0.744914  0.356524  0.514946 -0.229834
1403638544.127830 1.633951 1.876658 0.641477  0.741467  0.365765  0.508020 -0.241575
1403638544.227829 1.647479 1.962574 0.660142  0.738648  0.370066  0.504413 -0.251035
1403638544.327830 1.663924 2.047899 0.672206  0.737021  0.373066  0.502479 -0.255221
1403638544.427830 1.680065 2.135070 0.679549  0.737616  0.374211  0.500231 -0.256237
1403638544.527829 1.697803 2.226287 0.686667  0.736802  0.374264  0.501854 -0.255329
1403638544.627830 1.715689 2.318352 0.694714  0.731436  0.373660  0.507860 -0.259727
1403638544.727829 1.733880 2.410358 0.709148  0.726920  0.373789  0.512390 -0.263295
1403638544.827830 1.750001 2.504108 0.728308  0.728637  0.375629  0.509221 -0.262077
1403638544.927830 1.768082 2.591088 0.737707  0.731565  0.377093  0.504510 -0.260928
1403638545.027829 1.782522 2.682122 0.746768  0.730830  0.377365  0.504575 -0.262462
1403638545.127830 1.796679 2.769004 0.749121  0.729684  0.377661  0.505466 -0.263510
1403638545.227829 1.814565 2.857177 0.743192  0.730004  0.379297  0.504473 -0.262175
1403638545.327830 1.829755 2.944913 0.734775  0.727861  0.379834  0.506793 -0.262877
1403638545.427830 1.848872 3.035140 0.719933  0.726938  0.378886  0.507936 -0.264588
1403638545.527829 1.867854 3.126189 0.705040  0.725746  0.382209  0.505715 -0.267323
1403638545.627830 1.882414 3.213458 0.698122  0.722213  0.391083  0.500171 -0.274393
1403638545.727829 1.899188 3.295661 0.693391  0.716014  0.405186  0.493255 -0.282572
1403638545.827830 1.913616 3.380765 0.696894  0.705518  0.423596  0.486934 -0.292756
1403638545.927830 1.932798 3.466511 0.710411  0.694001  0.444849  0.478166 -0.303033
1403638546.027829 1.949699 3.552954 0.728116  0.681838  0.465491  0.470514 -0.311499
1403638546.127830 1.968552 3.643482 0.743392  0.671267  0.481562  0.465391 -0.317664
1403638546.227829 1.985738 3.736670 0.752096  0.664950  0.490808  0.459884 -0.324739
1403638546.327830 2.002099 3.830640 0.753910  0.661845  0.495531  0.455081 -0.330624
1403638546.427830 2.016819 3.925635 0.750494  0.661500  0.496636  0.450881 -0.335376
1403638546.527829 2.030536 4.019801 0.743611  0.660453  0.498475  0.449522 -0.336533
1403638546.627830 2.043583 4.113947 0.740575  0.656706  0.503528  0.447801 -0.338633
1403638546.727829 2.055779 4.212009 0.745655  0.651816  0.509361  0.445514 -0.342351
1403638546.827830 2.068035 4.312456 0.760704  0.647471  0.515172  0.444524 -0.343187
1403638546.927830 2.077802 4.415401 0.779124  0.644399  0.519384  0.443913 -0.343411
1403638547.027829 2.087141 4.519342 0.792146  0.641320  0.523251  0.444954 -0.341954
1403638547.127830 2.087622 4.618233 0.797969  0.637997  0.527847  0.446163 -0.339524
1403638547.227829 2.091007 4.724112 0.800001  0.636742  0.529853  0.447135 -0.337470
1403638547.327830 2.087187 4.827527 0.795316  0.635781  0.530691  0.448339 -0.336365
1403638547.427830 2.080786 4.934358 0.790350  0.639126  0.526787  0.444295 -0.341490
1403638547.527829 2.071813 5.040920 0.781997  0.642390  0.522759  0.440616 -0.346289
1403638547.627830 2.058767 5.141521 0.765250  0.644535  0.520232  0.438543 -0.348730
1403638547.727829 2.047899 5.252591 0.746668  0.644924  0.519811  0.439657 -0.347233
1403638547.827830 2.027641 5.348070 0.721722  0.642279  0.522573  0.442853 -0.343913
1403638547.927830 2.012067 5.459715 0.697316  0.642035  0.522584  0.443476 -0.343549
1403638548.027829 1.994045 5.575379 0.679198  0.641472  0.523676  0.441964 -0.344885
1403638548.127830 1.971701 5.690973 0.667583  0.638701  0.527574  0.438558 -0.348416
1403638548.227829 1.950717 5.815697 0.666490  0.633469  0.534299  0.433217 -0.354350
1403638548.327830 1.927327 5.939308 0.672896  0.625556  0.544118  0.426087 -0.362030
1403638548.427830 1.900661 6.061910 0.686063  0.615945  0.556519  0.417950 -0.369075
1403638548.527829 1.881308 6.195062 0.703461  0.607746  0.564972  0.411854 -0.376599
1403638548.627830 1.858385 6.316016 0.717480  0.600523  0.572036  0.407847 -0.381849
1403638548.727829 1.836281 6.437506 0.727671  0.596014  0.576684  0.404387 -0.385582
1403638548.827830 1.813705 6.561440 0.738334  0.593109  0.579863  0.401834 -0.387956
1403638548.927830 1.789290 6.689029 0.756432  0.591483  0.581190  0.400507 -0.389821
1403638549.027829 1.763080 6.816488 0.778654  0.590812  0.583004  0.399751 -0.388905
1403638549.127830 1.738498 6.938584 0.808666  0.591259  0.581578  0.398968 -0.391158
1403638549.227829 1.712230 7.064749 0.843330  0.591326  0.581105  0.399192 -0.391531
1403638549.327830 1.687473 7.193583 0.884230  0.592563  0.579275  0.398512 -0.393062
1403638549.427830 1.660854 7.322252 0.924787  0.593812  0.576753  0.397910 -0.395489
1403638549.527829 1.636188 7.455175 0.961281  0.595133  0.575289  0.397340 -0.396207
1403638549.627830 1.611780 7.587208 0.991192  0.594346  0.573386  0.399317 -0.398156
1403638549.727829 1.589989 7.722258 1.019068  0.593866  0.573299  0.401384 -0.396917
1403638549.827830 1.569009 7.858414 1.049081  0.595604  0.572824  0.399442 -0.396956
1403638549.927830 1.548687 7.992152 1.087817  0.596419  0.573649  0.398979 -0.395002
1403638550.027829 1.529842 8.134391 1.134243  0.597443  0.572976  0.397811 -0.395610
1403638550.127830 1.511156 8.275007 1.188165  0.598337  0.572477  0.396101 -0.396695
1403638550.227829 1.494838 8.418469 1.249154  0.598158  0.573196  0.395550 -0.396477
1403638550.327830 1.478546 8.562884 1.317741  0.597284  0.574017  0.396372 -0.395785
1403638550.427830 1.465081 8.704604 1.384093  0.596813  0.573200  0.396217 -0.397829
1403638550.527829 1.451584 8.852559 1.439472  0.598090  0.571577  0.394001 -0.400440
1403638550.627830 1.440851 8.997945 1.487979  0.597338  0.568498  0.394830 -0.405101
1403638550.727829 1.434633 9.140580 1.535545  0.596158  0.565578  0.396516 -0.409258
1403638550.827830 1.432038 9.280037 1.579388  0.593929  0.562885  0.400219 -0.412595
1403638550.927830 1.433274 9.416591 1.616850  0.589411  0.558113  0.407038 -0.418837
1403638551.027829 1.436426 9.551494 1.640326  0.586265  0.554299  0.411340 -0.424082
1403638551.127830 1.441470 9.677847 1.668987  0.585406  0.551888  0.412557 -0.427219
1403638551.227829 1.450741 9.794893 1.702302  0.585848  0.549861  0.410818 -0.430888
1403638551.327830 1.466307 9.905914 1.743824  0.590273  0.548933  0.408568 -0.428162
1403638551.427830  1.485558 10.017025  1.783095  0.600788  0.542285  0.408276 -0.422246
1403638551.527829  1.513544 10.122655  1.820701  0.615407  0.529448  0.410801 -0.414972
1403638551.627830  1.546447 10.233037  1.853167  0.631821  0.511394  0.414974 -0.408748
1403638551.727829  1.588922 10.335343  1.881495  0.646989  0.492861  0.421790 -0.400732
1403638551.827830  1.640440 10.434529  1.903093  0.660351  0.474893  0.430739 -0.390995
1403638551.927830  1.699587 10.525708  1.923557  0.667081  0.463997  0.442939 -0.378834
1403638552.027829  1.765201 10.609300  1.950141  0.668848  0.457710  0.455713 -0.368060
1403638552.127830  1.834173 10.682300  1.981977  0.671853  0.453823  0.461371 -0.360272
1403638552.227829  1.906148 10.747203  2.018435  0.676787  0.451721  0.459851 -0.355590
1403638552.327830  1.980851 10.804678  2.056966  0.679445  0.450442  0.458782 -0.353519
1403638552.427830  2.060093 10.859591  2.092064  0.677883  0.445454  0.461485 -0.359273
1403638552.527829  2.141336 10.899571  2.121952  0.674295  0.440713  0.465877 -0.366139
1403638552.627830  2.226764 10.935545  2.146180  0.670776  0.439311  0.469503 -0.369638
1403638552.727829  2.315519 10.962583  2.163543  0.669972  0.441238  0.468977 -0.369468
1403638552.827830  2.407557 10.981231  2.176035  0.668762  0.444368  0.468711 -0.368244
1403638552.927830  2.503387 10.996839  2.183121  0.667305  0.450096  0.468409 -0.364296
1403638553.027829  2.601107 11.003753  2.186899  0.664976  0.456177  0.469540 -0.359503
1403638553.127830  2.699280 11.008426  2.186460  0.662010  0.458610  0.471010 -0.359957
1403638553.227829  2.797709 11.005976  2.184638  0.656851  0.455039  0.475322 -0.368179
1403638553.327830  2.896905 10.996841  2.185577  0.650969  0.453609  0.480980 -0.373010
1403638553.427830  2.994721 10.977342  2.192124  0.645702  0.456550  0.486866 -0.370934
1403638553.527829  3.091313 10.947423  2.204786  0.641213  0.460019  0.491913 -0.367764
1403638553.627830  3.183463 10.902012  2.221286  0.638228  0.462716  0.495443 -0.364821
1403638553.727829  3.272837 10.846984  2.245324  0.637860  0.464723  0.495187 -0.363260
1403638553.827830  3.359425 10.783867  2.276129  0.639213  0.466691  0.493189 -0.361070
1403638553.927830  3.436903 10.709560  2.310244  0.641068  0.467958  0.491163 -0.358896
1403638554.027829  3.519802 10.636551  2.346155  0.645666  0.467751  0.484960 -0.359358
1403638554.127830  3.589722 10.548966  2.371710  0.647461  0.469457  0.482652 -0.357003
1403638554.227829  3.670292 10.470642  2.398066  0.652550  0.475704  0.475644 -0.348780
1403638554.327830  3.736753 10.378365  2.412081  0.657082  0.481004  0.469178 -0.341687
1403638554.427830  3.812383 10.298914  2.429890  0.659507  0.484071  0.465254 -0.338029
1403638554.527829  3.880246 10.217643  2.442497  0.660269  0.485462  0.463861 -0.336460
1403638554.627830  3.944415 10.136137  2.451371  0.662046  0.484024  0.460764 -0.339282
1403638554.727829  4.005133 10.050015  2.462443  0.662900  0.480302  0.459208 -0.344966
1403638554.827830 4.067437 9.970115 2.480499  0.663706  0.477641  0.457397 -0.349487
1403638554.927830 4.129463 9.887708 2.500755  0.663957  0.475083  0.457134 -0.352825
1403638555.027829 4.192909 9.805020 2.517498  0.665705  0.470786  0.458782 -0.353152
1403638555.127830 4.261129 9.727128 2.531135  0.670298  0.465941  0.461780 -0.346928
1403638555.227829 4.327981 9.641736 2.535773  0.677119  0.457637  0.464632 -0.340873
1403638555.327830 4.398418 9.560776 2.540464  0.682366  0.450787  0.467967 -0.334925
1403638555.427830 4.471137 9.475857 2.541120  0.684551  0.447936  0.472950 -0.327203
1403638555.527829 4.542334 9.391341 2.536420  0.686627  0.444337  0.475358 -0.324257
1403638555.627830 4.613923 9.306862 2.533714  0.687675  0.442877  0.476798 -0.321912
1403638555.727829 4.684311 9.221312 2.538718  0.689157  0.441546  0.475688 -0.322212
1403638555.827830 4.753816 9.134900 2.553541  0.689498  0.442706  0.475126 -0.320717
1403638555.927830 4.822649 9.048194 2.571615  0.689197  0.444240  0.475074 -0.319317
1403638556.027829 4.892849 8.969545 2.597258  0.688051  0.445622  0.476093 -0.318343
1403638556.127830 4.963014 8.889273 2.622436  0.690040  0.446706  0.473023 -0.317093
1403638556.227829 5.033694 8.814261 2.640926  0.694652  0.447937  0.466493 -0.314953
1403638556.327830 5.105171 8.738305 2.654648  0.697245  0.448559  0.462660 -0.313991
1403638556.427830 5.177498 8.673330 2.666604  0.699246  0.449264  0.459673 -0.312918
1403638556.527829 5.253563 8.606707 2.676886  0.702774  0.450590  0.454849 -0.310143
1403638556.627830 5.329190 8.553353 2.687877  0.705905  0.446781  0.450851 -0.314354
1403638556.727829 5.407953 8.506210 2.702215  0.705522  0.440677  0.452185 -0.321825
1403638556.827830 5.492666 8.452503 2.725118  0.702679  0.436309  0.456362 -0.328039
1403638556.927830 5.581553 8.409127 2.753758  0.701385  0.432875  0.458256 -0.332687
1403638557.027829 5.677025 8.363688 2.780749  0.700119  0.432270  0.459892 -0.333879
1403638557.127830 5.778428 8.316801 2.800662  0.698346  0.434559  0.462153 -0.331490
1403638557.227829 5.882910 8.264300 2.814420  0.696966  0.435647  0.463917 -0.330501
1403638557.327830 5.990040 8.218662 2.821762  0.696107  0.436923  0.464828 -0.329344
1403638557.427830 6.099954 8.171277 2.828630  0.694092  0.439904  0.467383 -0.325998
1403638557.527829 6.211545 8.124721 2.840294  0.691347  0.444287  0.471267 -0.320245
1403638557.627830 6.322005 8.077877 2.857586  0.689155  0.446781  0.474363 -0.316908
1403638557.727829 6.431125 8.033729 2.879539  0.688498  0.447494  0.475414 -0.315754
1403638557.827830 6.538781 7.990231 2.899739  0.688250  0.448279  0.476354 -0.313759
1403638557.927830 6.645781 7.946610 2.913600  0.688524  0.449992  0.476164 -0.310982
1403638558.027829 6.751703 7.903880 2.920338  0.691187  0.451055  0.472304 -0.309418
1403638558.127830 6.857142 7.861709 2.922800  0.696247  0.451985  0.465197 -0.307475
1403638558.227829 6.963948 7.823005 2.926611  0.702470  0.453259  0.456416 -0.304592
1403638558.327830 7.072474 7.790782 2.938150  0.704154  0.455633  0.454154 -0.300515
1403638558.427830 7.181171 7.765727 2.960565  0.706544  0.459232  0.450767 -0.294467
1403638558.527829 7.290033 7.748785 2.989537  0.709726  0.460776  0.446353 -0.291107
1403638558.627830 7.401758 7.741349 3.025494  0.710969  0.456827  0.445220 -0.295991
1403638558.727829 7.516916 7.742770 3.064539  0.711503  0.448970  0.445297 -0.306430
1403638558.827830 7.632622 7.751816 3.099571  0.711012  0.444674  0.446665 -0.311798
1403638558.927830 7.755789 7.762943 3.126089  0.707891  0.444053  0.451678 -0.312560
1403638559.027829 7.880360 7.779307 3.145426  0.702778  0.443946  0.459303 -0.313138
1403638559.127830 8.004559 7.797836 3.159051  0.698986  0.443675  0.464646 -0.314126
1403638559.227829 8.130192 7.822273 3.162201  0.695678  0.445329  0.468624 -0.313218
1403638559.327830 8.254177 7.846552 3.160480  0.693324  0.447406  0.471332 -0.311408
1403638559.427830 8.375976 7.871518 3.152954  0.690679  0.451089  0.474440 -0.307225
1403638559.527829 8.493222 7.897595 3.141165  0.688793  0.452539  0.476711 -0.305809
1403638559.627830 8.607632 7.924873 3.125070  0.687088  0.453109  0.478473 -0.306050
1403638559.727829 8.719506 7.953472 3.108986  0.686171  0.453680  0.479012 -0.306416
1403638559.827830 8.827803 7.983681 3.097957  0.686729  0.453699  0.477383 -0.307679
1403638559.927830 8.933681 8.016325 3.091978  0.687815  0.451159  0.478096 -0.307881
1403638560.027829 9.040532 8.048529 3.081484  0.693653  0.441709  0.480451 -0.304804
1403638560.127830 9.146528 8.080376 3.064175  0.702657  0.425976  0.486158 -0.297437
1403638560.227829 9.252098 8.112813 3.040701  0.713260  0.406399  0.494405 -0.285770
1403638560.327830 9.356488 8.144450 3.015605  0.722310  0.383544  0.506136 -0.273840
1403638560.427830 9.457423 8.174340 2.988305  0.730394  0.358874  0.518800 -0.261880
1403638560.527829 9.553839 8.202383 2.956571  0.738498  0.333316  0.530491 -0.249201
1403638560.627830 9.645811 8.226192 2.920635  0.748773  0.305318  0.537622 -0.238921
1403638560.727829 9.733624 8.244584 2.883800  0.758933  0.277738  0.541516 -0.231610
1403638560.827830 9.818862 8.255593 2.853124  0.766239  0.254645  0.546935 -0.221125
1403638560.927830 9.903741 8.260635 2.829676  0.771882  0.231970  0.553155 -0.210732
1403638561.027829 9.988096 8.257713 2.814586  0.774271  0.212206  0.562480 -0.197708
1403638561.127830 10.068970  8.246896  2.806218  0.776599  0.193034  0.570057 -0.186191
1403638561.227829 10.145325  8.228288  2.804326  0.777593  0.177595  0.576537 -0.177241
1403638561.327830 10.216811  8.202368  2.809119  0.779106  0.167711  0.579322 -0.171032
1403638561.427830 10.282402  8.168237  2.812039  0.785174  0.168134  0.574377 -0.159134
1403638561.527829 10.343118  8.127066  2.810623  0.789649  0.173139  0.570040 -0.146737
1403638561.627830 10.401695  8.084291  2.802333  0.792399  0.176939  0.566720 -0.140089
1403638561.727829 10.454852  8.039455  2.789972  0.793220  0.179393  0.565147 -0.138666
1403638561.827830 10.506584  7.995386  2.771404  0.792703  0.181368  0.565587 -0.137256
1403638561.927830 10.555414  7.947345  2.749045  0.792636  0.180226  0.567038 -0.133100
1403638562.027829 10.601985  7.900438  2.722482  0.793994  0.172773  0.568726 -0.127566
1403638562.127830 10.645422  7.849482  2.703723  0.795928  0.163017  0.570502 -0.120213
1403638562.227829 10.686505  7.799981  2.689552  0.797229  0.154839  0.572384 -0.113259
1403638562.327830 10.724687  7.752850  2.681999  0.798360  0.144994  0.574551 -0.107187
1403638562.427830 10.760009  7.704519  2.678388  0.799720  0.131161  0.577227 -0.100266
1403638562.527829 10.793635  7.655592  2.680913  0.802617  0.113380  0.578460 -0.091292
1403638562.627830 10.824522  7.606489  2.689729  0.804554  0.090882  0.581050 -0.082552
1403638562.727829 10.851593  7.555902  2.702108  0.806931  0.065910  0.582338 -0.073493
1403638562.827830 10.875341  7.501973  2.712658  0.808503  0.040367  0.583811 -0.062110
1403638562.927830 10.893214  7.444567  2.717590  0.809776  0.016368  0.584521 -0.048267
1403638563.027829 10.907275  7.384318  2.717053  0.809829 -0.006513  0.585521 -0.036040
1403638563.127830 10.916738  7.320828  2.711687  0.810045 -0.030626  0.584854 -0.028875
1403638563.227829 10.922290  7.252039  2.702508  0.808223 -0.046407  0.586840 -0.015525
1403638563.327830 10.922963  7.178943  2.688888  0.803578 -0.057200  0.592418 -0.005641
1403638563.427830 10.917391  7.101754  2.670931  0.794912 -0.065350  0.603192 -0.001695
1403638563.527829 10.904805  7.020511  2.647900  0.792701 -0.067947  0.605809  0.001888
1403638563.627830 10.885394  6.934169  2.628368  0.795389 -0.067083  0.602351  0.005441
1403638563.727829 10.858598  6.842972  2.615735  0.798264 -0.067636  0.598492  0.002923
1403638563.827830 10.826775  6.746662  2.610195  0.799656 -0.067609  0.596639 -0.000887
1403638563.927830 10.789330  6.646293  2.613826  0.799092 -0.066414  0.597514 -0.004229
1403638564.027829 10.747174  6.539416  2.618830  0.798741 -0.064125  0.598193 -0.008125
1403638564.127830 10.696933  6.428974  2.618896  0.798614 -0.060758  0.598661 -0.011395
1403638564.227829 10.641694  6.312396  2.614857  0.797923 -0.055276  0.600103 -0.011811
1403638564.327830 10.584467  6.186439  2.612710  0.796934 -0.048734  0.602014 -0.010016
1403638564.427830 10.516952  6.062135  2.617551  0.795000 -0.044805  0.604864 -0.010320
1403638564.527829 10.445018  5.931354  2.629008  0.795064 -0.042464  0.604926 -0.011551
1403638564.627830 10.361469  5.801953  2.641584  0.797208 -0.043364  0.601942 -0.015644
1403638564.727829 10.275080  5.665745  2.651416  0.798598 -0.046614  0.599703 -0.020590
1403638564.827830 10.180357  5.525895  2.652678  0.798794 -0.049671  0.599096 -0.023371
1403638564.927830 10.084260  5.381605  2.644492  0.797981 -0.052155  0.599876 -0.025576
1403638565.027829 9.979457 5.228779 2.613028  0.797932 -0.053015  0.599809 -0.026888
1403638565.127830 9.872681 5.071444 2.571790  0.798588 -0.053666  0.598835 -0.027829
1403638565.227829 9.763844 4.906192 2.517775  0.799437 -0.053247  0.597753 -0.027506
1403638565.327830 9.650760 4.734708 2.459437  0.800333 -0.052371  0.596732 -0.025206
1403638565.427830 9.534019 4.559350 2.398987  0.801195 -0.051068  0.595780 -0.022919
1403638565.527829 9.413611 4.377410 2.341666  0.799128 -0.049358  0.598876 -0.017453
1403638565.627830 9.290951 4.194132 2.292298  0.797564 -0.045867  0.601422 -0.008962
1403638565.727829 9.164459 4.010185 2.250584  0.798673 -0.039515  0.600457  0.003184
1403638565.827830 9.032560 3.828900 2.215916  0.801633 -0.036978  0.596598  0.009443
1403638565.927830 8.894564 3.650120 2.187569  0.803976 -0.035006  0.593429  0.015475
1403638566.027829 8.753495 3.474598 2.157489  0.805141 -0.035989  0.591767  0.016246
1403638566.127830 8.609898 3.302840 2.119725  0.805274 -0.036386  0.591550  0.016670
1403638566.227829 8.465292 3.135007 2.072553  0.804955 -0.036194  0.591986  0.017037
1403638566.327830 8.321756 2.969848 2.017605  0.805977 -0.036117  0.590617  0.016387
1403638566.427830 8.178091 2.807798 1.955324  0.805857 -0.034853  0.590868  0.015960
1403638566.527829 8.036532 2.650803 1.887128  0.806192 -0.034219  0.590499  0.013916
1403638566.627830 7.895773 2.498879 1.811697  0.812809 -0.033112  0.581465  0.011996
1403638566.727829 7.757136 2.351305 1.729447  0.825083 -0.032120  0.563994  0.010844
1403638566.827830 7.624397 2.203824 1.643603  0.834742 -0.029004  0.549764  0.011164
1403638566.927830 7.498447 2.059570 1.555845  0.840919 -0.026404  0.540409  0.010833
1403638567.027829 7.382689 1.919842 1.466585  0.840744 -0.025099  0.540764  0.009642
1403638567.127830 7.274071 1.782208 1.379981  0.828160 -0.022536  0.559922  0.011412
1403638567.227829 7.169391 1.645539 1.288275  0.816839 -0.020874  0.576339  0.013058
1403638567.327830 7.066011 1.514033 1.190906  0.811192 -0.019602  0.584226  0.016235
1403638567.427830 6.961386 1.385642 1.093168  0.810708 -0.019868  0.584821  0.018472
1403638567.527829 6.855784 1.260209 1.000354  0.813235 -0.020983  0.581210  0.020083
1403638567.627830 6.749052 1.138649 0.916596  0.817079 -0.022071  0.575677  0.022142
1403638567.727829 6.646211 1.022942 0.843039  0.820251 -0.022702  0.571018  0.024726
1403638567.827830 6.547457 0.911894 0.778853  0.824265 -0.023083  0.565107  0.026623
1403638567.927830 6.456264 0.806141 0.722354  0.825803 -0.025657  0.562851  0.024266
1403638568.027829 6.369636 0.705921 0.673016  0.826470 -0.025760  0.561814  0.025467
1403638568.127830 6.287933 0.609700 0.634152  0.825624 -0.024254  0.562992  0.028222
1403638568.227829 6.211033 0.519769 0.603949  0.824940 -0.023173  0.563930  0.030331
1403638568.327830 6.137987 0.433917 0.577648  0.825106 -0.023150  0.563644  0.031120
1403638568.427830 6.066815 0.354016 0.545507  0.826360 -0.023595  0.561778  0.031275
1403638568.527829 6.001546 0.275971 0.511444  0.827151 -0.023048  0.560598  0.031925
1403638568.627830 5.939221 0.203896 0.471273  0.828783 -0.022682  0.558161  0.032560
1403638568.727829 5.880925 0.134475 0.433044  0.830156 -0.020992  0.556091  0.034109
1403638568.827830 5.826492 0.071440 0.401141  0.830114 -0.021993  0.556237  0.032066
1403638568.927830 5.777725 0.014644 0.375062  0.830072 -0.021353  0.556262  0.033115
1403638569.027829  5.732428 -0.038488  0.359466  0.829216 -0.021361  0.557541  0.033060
1403638569.127830  5.693068 -0.085449  0.348586  0.829325 -0.020184  0.557323  0.034704
1403638569.227829  5.654896 -0.129878  0.344832  0.830845 -0.019235  0.554966  0.036601
1403638569.327830  5.623714 -0.166422  0.335963  0.831557 -0.019049  0.553827  0.037750
1403638569.427830  5.594261 -0.201812  0.324259  0.830589 -0.018470  0.555239  0.038619
1403638569.527829  5.573402 -0.228604  0.305584  0.829373 -0.018181  0.557058  0.038687
1403638569.627830  5.556869 -0.250263  0.288000  0.827981 -0.018790  0.559135  0.038231
1403638569.727829  5.544741 -0.266413  0.277536  0.827085 -0.018455  0.560417  0.039023
1403638569.827830  5.536176 -0.274864  0.274177  0.826462 -0.018010  0.561351  0.038999
1403638569.927830  5.531709 -0.278809  0.275967  0.824653 -0.017341  0.563950  0.040092
1403638570.027829  5.530966 -0.276738  0.278719  0.823487 -0.018561  0.565763  0.037904
1403638570.127830  5.532460 -0.269572  0.276916  0.823654 -0.020891  0.565664  0.034368
1403638570.227829  5.535298 -0.259593  0.268972  0.823227 -0.024248  0.566488  0.028280
1403638570.327830  5.540004 -0.247735  0.255442  0.822967 -0.030572  0.566932  0.019466
1403638570.427830  5.546332 -0.235333  0.237641  0.822696 -0.040716  0.566801  0.015799
1403638570.527829  5.554795 -0.226561  0.213030  0.821565 -0.062645  0.566583  0.009529
1403638570.627830  5.558435 -0.223937  0.183465  0.817968 -0.091786  0.567868  0.005426
1403638570.727829  5.563668 -0.231078  0.150778  0.810156 -0.119320  0.573839  0.010923
1403638570.827830  5.564044 -0.247614  0.116570  0.797749 -0.146371  0.584600  0.020385
1403638570.927830  5.558048 -0.274445  0.079454  0.788010 -0.169197  0.590950  0.034517
1403638571.027829  5.545044 -0.312832  0.038497  0.781318 -0.190304  0.592337  0.049637
1403638571.127830  5.523823 -0.360911 -0.005569  0.782498 -0.206235  0.583347  0.069783
1403638571.227829  5.494094 -0.416767 -0.042924  0.784947 -0.214881  0.573904  0.091200
1403638571.327830  5.458667 -0.478283 -0.070275  0.785405 -0.219617  0.568271  0.109432
1403638571.427830  5.416842 -0.542282 -0.087214  0.783260 -0.225614  0.567322  0.117251
1403638571.527829  5.369361 -0.609623 -0.096728  0.780195 -0.228927  0.568960  0.123179
1403638571.627830  5.316867 -0.679509 -0.107743  0.778871 -0.235782  0.566506  0.129762
1403638571.727829  5.261344 -0.752450 -0.123801  0.778794 -0.247401  0.559993  0.136680
1403638571.827830  5.202417 -0.828291 -0.144721  0.777375 -0.262695  0.552894  0.144871
1403638571.927830  5.141225 -0.907562 -0.166426  0.772546 -0.281943  0.548202  0.152169
1403638572.027829  5.077480 -0.991091 -0.181408  0.766049 -0.301418  0.544426  0.160987
1403638572.127830  5.010595 -1.078643 -0.188012  0.758663 -0.319391  0.541159  0.171951
1403638572.227829  4.939183 -1.168823 -0.186479  0.753107 -0.334193  0.534416  0.188532
1403638572.327830  4.866487 -1.261636 -0.183750  0.748799 -0.351997  0.524088  0.201817
1403638572.427830  4.793734 -1.358704 -0.184924  0.743978 -0.368703  0.513957  0.215413
1403638572.527829  4.721415 -1.458789 -0.188089  0.740493 -0.379268  0.505795  0.228030
1403638572.627830  4.650969 -1.562550 -0.191714  0.737255 -0.385819  0.501654  0.236521
1403638572.727829  4.582292 -1.670098 -0.190812  0.736935 -0.388368  0.496750  0.243590
1403638572.827830  4.516937 -1.781439 -0.181257  0.739071 -0.387493  0.491374  0.249350
1403638572.927830  4.456121 -1.896275 -0.164465  0.740956 -0.386898  0.488314  0.250684
1403638573.027829  4.399301 -2.014261 -0.147915  0.743422 -0.385728  0.485311  0.251018
1403638573.127830  4.347379 -2.134724 -0.137333  0.745635 -0.384128  0.483848  0.249731
1403638573.227829  4.299530 -2.257526 -0.131144  0.746559 -0.382361  0.484624  0.248171
1403638573.327830  4.258090 -2.382819 -0.124553  0.747612 -0.380302  0.485381  0.246681
1403638573.427830  4.217890 -2.512201 -0.118078  0.748675 -0.380647  0.482984  0.247630
1403638573.527829  4.187735 -2.643439 -0.103538  0.748490 -0.380718  0.481659  0.250641
1403638573.627830  4.158235 -2.778024 -0.081432  0.748114 -0.381106  0.481291  0.251876
1403638573.727829  4.134858 -2.912964 -0.053698  0.747447 -0.383012  0.478511  0.256225
1403638573.827830  4.118548 -3.050664 -0.023136  0.740324 -0.387107  0.480350  0.267082
1403638573.927830  4.107819 -3.189055  0.003035  0.727849 -0.395845  0.484167  0.281292
1403638574.027829  4.101475 -3.324682  0.022790  0.709581 -0.414137  0.491335  0.289094
1403638574.127830  4.095943 -3.456517  0.036888  0.688065 -0.437155  0.498546  0.294812
1403638574.227829  4.088444 -3.584675  0.046041  0.666968 -0.460893  0.501423  0.302171
1403638574.327830  4.077260 -3.708213  0.050681  0.651305 -0.482240  0.495253  0.313002
1403638574.427830  4.058943 -3.830483  0.052180  0.639487 -0.500642  0.483268  0.326904
1403638574.527829  4.036362 -3.949651  0.052110  0.628279 -0.517734  0.471736  0.338647
1403638574.627830  4.010565 -4.065740  0.058234  0.618725 -0.528374  0.464681  0.349388
1403638574.727829  3.981740 -4.181191  0.071385  0.615797 -0.532540  0.454328  0.361636
1403638574.827830  3.951903 -4.292466  0.090556  0.617904 -0.535338  0.442688  0.368286
1403638574.927830  3.921279 -4.402188  0.107922  0.620171 -0.539995  0.434894  0.366961
1403638575.027829  3.890014 -4.510516  0.119273  0.621036 -0.543672  0.432403  0.362991
1403638575.127830  3.857969 -4.615589  0.124110  0.618526 -0.548325  0.436228  0.355626
1403638575.227829  3.823641 -4.722993  0.125615  0.616444 -0.550110  0.440475  0.351224
1403638575.327830  3.786112 -4.832408  0.121105  0.617122 -0.550566  0.441848  0.347574
1403638575.427830  3.746056 -4.942723  0.113172  0.622274 -0.550184  0.437796  0.344103
1403638575.527829  3.702402 -5.057922  0.102645  0.627051 -0.547969  0.434937  0.342589
1403638575.627830  3.656046 -5.179055  0.096987  0.633857 -0.543404  0.429101  0.344687
1403638575.727829  3.609498 -5.304808  0.097309  0.640112 -0.538829  0.423634  0.347066
1403638575.827830  3.564044 -5.433392  0.106312  0.646020 -0.536231  0.417312  0.347800
1403638575.927830  3.523159 -5.562689  0.127423  0.647874 -0.535106  0.416648  0.346879
1403638576.027829  3.486454 -5.695561  0.157872  0.648265 -0.533840  0.417505  0.347070
1403638576.127830  3.451473 -5.833380  0.194666  0.648019 -0.533127  0.418156  0.347840
1403638576.227829  3.419249 -5.979437  0.232459  0.647159 -0.531441  0.419642  0.350223
1403638576.327830  3.390538 -6.130572  0.263902  0.648233 -0.528288  0.417990  0.354951
1403638576.427830  3.365819 -6.286177  0.288716  0.650359 -0.526182  0.414480  0.358290
1403638576.527829  3.347413 -6.443088  0.308137  0.654132 -0.522506  0.408437  0.363700
1403638576.627830  3.336428 -6.602597  0.322551  0.656909 -0.520202  0.403659  0.367315
1403638576.727829  3.334981 -6.764182  0.332293  0.656190 -0.517758  0.404983  0.370582
1403638576.827830  3.341560 -6.928116  0.337561  0.652122 -0.514333  0.411357  0.375478
1403638576.927830  3.354904 -7.091615  0.337703  0.646501 -0.514578  0.419723  0.375604
1403638577.027829  3.374647 -7.252488  0.334588  0.641739 -0.517564  0.426906  0.371551
1403638577.127830  3.398246 -7.411343  0.336188  0.638048 -0.520221  0.431959  0.368342
1403638577.227829  3.424956 -7.568142  0.345049  0.636431 -0.522020  0.434079  0.366096
1403638577.327830  3.454567 -7.724878  0.361436  0.638818 -0.519179  0.430690  0.369961
1403638577.427830  3.487113 -7.879207  0.385600  0.643473 -0.514243  0.424332  0.376084
1403638577.527829  3.525184 -8.030928  0.411452  0.644106 -0.513680  0.423684  0.376501
1403638577.627830  3.568275 -8.179770  0.431830  0.643226 -0.515607  0.425151  0.373708
1403638577.727829  3.615484 -8.325699  0.445252  0.643007 -0.517057  0.425767  0.371371
1403638577.827830  3.666665 -8.470609  0.451298  0.642725 -0.518242  0.426789  0.369027
1403638577.927830  3.721532 -8.617195  0.453004  0.642988 -0.517494  0.427386  0.368928
1403638578.027829  3.779594 -8.759735  0.456064  0.643200 -0.516048  0.428022  0.369844
1403638578.127830  3.842708 -8.904728  0.467573  0.641726 -0.516813  0.431523  0.367260
1403638578.227829  3.907944 -9.045706  0.483461  0.636614 -0.521893  0.439630  0.359271
1403638578.327830  3.973737 -9.186717  0.502820  0.633212 -0.525873  0.444617  0.353293
1403638578.427830  4.037568 -9.325036  0.518142  0.632573 -0.526342  0.445049  0.353196
1403638578.527829  4.099206 -9.462806  0.526703  0.632002 -0.526882  0.445180  0.353248
1403638578.627830  4.159685 -9.603749  0.531930  0.631160 -0.526760  0.445614  0.354385
1403638578.727829  4.216493 -9.735523  0.533376  0.632673 -0.524402  0.443057  0.358367
1403638578.827830  4.273991 -9.871287  0.531156  0.636359 -0.520769  0.437782  0.363586
1403638578.927830  4.329787 -9.998654  0.526052  0.637562 -0.517908  0.435931  0.367763
1403638579.027829   4.390307 -10.130433   0.525280  0.638680 -0.515815  0.435246  0.369574
1403638579.127830   4.449364 -10.249066   0.532244  0.638927 -0.514763  0.435772  0.369991
1403638579.227829   4.515507 -10.378237   0.548342  0.638887 -0.514507  0.436302  0.369792
1403638579.327830   4.579849 -10.490779   0.567507  0.637264 -0.516129  0.439367  0.366690
1403638579.427830   4.650731 -10.615012   0.587038  0.632663 -0.521408  0.446002  0.359100
1403638579.527829   4.716261 -10.720950   0.600579  0.629418 -0.523693  0.451745  0.354267
1403638579.627830   4.781079 -10.826417   0.609583  0.627027 -0.515592  0.462675  0.356279
1403638579.727829   4.844589 -10.932371   0.612257  0.632763 -0.499437  0.471556  0.357504
1403638579.827830   4.906087 -11.032545   0.608801  0.648134 -0.479394  0.476360  0.350978
1403638579.927830   4.967117 -11.128671   0.598939  0.668952 -0.456279  0.480696  0.336517
1403638580.027829   5.028846 -11.220663   0.586166  0.686510 -0.426456  0.494317  0.320141
1403638580.127830   5.090064 -11.302187   0.572057  0.699549 -0.390020  0.516212  0.303383
1403638580.227829   5.149226 -11.374348   0.552728  0.715379 -0.353308  0.533901  0.279921
1403638580.327830   5.205502 -11.439169   0.527773  0.732911 -0.321755  0.544362  0.250970
1403638580.427830   5.257068 -11.498224   0.496798  0.746630 -0.301294  0.550470  0.220789
1403638580.527829   5.304528 -11.555988   0.463014  0.755233 -0.286980  0.554459  0.199603
1403638580.627830   5.348210 -11.613007   0.428142  0.763510 -0.273266  0.555621  0.183477
1403638580.727829   5.387899 -11.667839   0.396585  0.774432 -0.257607  0.552312  0.169840
1403638580.827830   5.425240 -11.723503   0.374887  0.782545 -0.244783  0.548832  0.162752
1403638580.927830   5.459788 -11.776421   0.362427  0.786811 -0.236713  0.547451  0.158723
1403638581.027829   5.493580 -11.826936   0.360621  0.787966 -0.234818  0.547811  0.154508
1403638581.127830   5.525391 -11.875623   0.366650  0.788426 -0.233006  0.547628  0.155554
1403638581.227829   5.557555 -11.919127   0.382351  0.788538 -0.232648  0.546787  0.158447
1403638581.327830   5.585338 -11.962753   0.393386  0.788153 -0.233231  0.545966  0.162294
1403638581.427830   5.611211 -11.994350   0.414708  0.786237 -0.234460  0.547112  0.165919
1403638581.527829   5.638064 -12.032002   0.431781  0.784956 -0.236713  0.547202  0.168466
1403638581.627830   5.662275 -12.053586   0.465346  0.782490 -0.238050  0.548830  0.172707
1403638581.727829   5.690668 -12.086095   0.482946  0.777848 -0.237852  0.554026  0.177296
1403638581.827830   5.712123 -12.097622   0.507153  0.776075 -0.239441  0.555182  0.179300
1403638581.927830   5.741094 -12.117249   0.520814  0.769327 -0.239126  0.563529  0.182731
1403638582.027829   5.768672 -12.142007   0.523609  0.765879 -0.238321  0.567828  0.184942
1403638582.127830   5.799095 -12.165494   0.532993  0.772239 -0.240779  0.558769  0.182891
1403638582.227829   5.822456 -12.181263   0.550101  0.778290 -0.243172  0.550213  0.179993
1403638582.327830   5.847711 -12.197489   0.578654  0.776818 -0.241374  0.552390  0.182090
1403638582.427830   5.879557 -12.217519   0.616763  0.774382 -0.239905  0.555910  0.183690
1403638582.527829   5.902243 -12.221722   0.665519  0.773250 -0.238911  0.557552  0.184775
1403638582.627830   5.928716 -12.230340   0.720465  0.773131 -0.238373  0.557770  0.185311
1403638582.727829   5.950419 -12.227231   0.787720  0.775692 -0.239336  0.554067  0.184472
1403638582.827830   5.976019 -12.228048   0.855483  0.777039 -0.240250  0.551978  0.183874
1403638582.927830   5.994792 -12.215871   0.925904  0.778283 -0.241416  0.549802  0.183608
1403638583.027829   6.014095 -12.202587   0.987031  0.780993 -0.243031  0.545540  0.182679
1403638583.127830   6.033815 -12.187234   1.040236  0.783036 -0.244210  0.542254  0.182145
1403638583.227829   6.055512 -12.170667   1.086596  0.784046 -0.245667  0.540446  0.181213
1403638583.327830   6.077926 -12.153936   1.117127  0.783908 -0.245421  0.540620  0.181623
1403638583.427830   6.100717 -12.132363   1.154207  0.784223 -0.245663  0.540157  0.181313
1403638583.527829   6.126540 -12.111271   1.192765  0.784797 -0.245732  0.539396  0.181001
1403638583.627830   6.154526 -12.087499   1.240277  0.784698 -0.245164  0.539521  0.181824
1403638583.727829   6.183284 -12.059177   1.292060  0.784585 -0.244404  0.539596  0.183110
1403638583.827830   6.213768 -12.031840   1.340455  0.784421 -0.243835  0.539901  0.183669
1403638583.927830   6.254451 -12.001002   1.361381  0.783593 -0.243817  0.541165  0.183511
1403638584.027829   6.287416 -11.969389   1.394069  0.782907 -0.243029  0.542145  0.184587
1403638584.127830   6.329427 -11.936630   1.406462  0.775994 -0.239648  0.551955  0.189071
1403638584.227829   6.366098 -11.901386   1.434177  0.766362 -0.235863  0.565373  0.193422
1403638584.327830   6.394496 -11.857600   1.435262  0.760505 -0.234423  0.573333  0.194851
1403638584.427830   6.411917 -11.800662   1.417745  0.759541 -0.234249  0.574736  0.194689
1403638584.527829   6.420341 -11.737779   1.398721  0.759053 -0.234408  0.575533  0.194045
1403638584.627830   6.435960 -11.673851   1.409199  0.760258 -0.234222  0.574132  0.193701
1403638584.727829   6.446180 -11.604487   1.421371  0.763927 -0.235395  0.569498  0.191511
1403638584.827830   6.437889 -11.526609   1.407518  0.771980 -0.238502  0.558823  0.186763
1403638584.927830   6.444356 -11.446849   1.432231  0.778029 -0.242683  0.550260  0.181629
1403638585.027829   6.431999 -11.363850   1.419641  0.780727 -0.243913  0.546480  0.179809
1403638585.127830   6.422572 -11.286650   1.407494  0.780919 -0.244991  0.546190  0.178385
1403638585.227829   6.422009 -11.207135   1.407872  0.779814 -0.245166  0.547719  0.178289
1403638585.327830   6.419075 -11.130571   1.400620  0.777463 -0.244062  0.551201  0.179339
1403638585.427830   6.420628 -11.049866   1.393372  0.776908 -0.243862  0.552151  0.179095
1403638585.527829   6.416602 -10.972366   1.384137  0.777884 -0.243670  0.550827  0.179194
1403638585.627830   6.420065 -10.891330   1.387070  0.779953 -0.243789  0.548130  0.178305
1403638585.727829   6.411487 -10.812485   1.394786  0.783902 -0.244461  0.542685  0.176718
1403638585.827830   6.419748 -10.730278   1.414722  0.788596 -0.246633  0.535772  0.173890
1403638585.927830   6.417557 -10.652704   1.441390  0.790899 -0.249119  0.532273  0.170596
1403638586.027829   6.421628 -10.574204   1.476687  0.788115 -0.249478  0.536175  0.170738
1403638586.127830   6.438765 -10.497916   1.506827  0.784384 -0.249221  0.540968  0.173161
1403638586.227829   6.443791 -10.418212   1.531476  0.781944 -0.248160  0.544386  0.174996
1403638586.327830   6.460378 -10.342911   1.549263  0.778759 -0.246382  0.548633  0.178418
1403638586.427830   6.461441 -10.260724   1.564380  0.776053 -0.241449  0.552079  0.186151
1403638586.527829   6.476045 -10.182621   1.572834  0.775055 -0.237313  0.552981  0.192834
1403638586.627830   6.475860 -10.094999   1.573787  0.775508 -0.239105  0.552473  0.190238
1403638586.727829   6.488288 -10.011820   1.569398  0.775497 -0.241689  0.552553  0.186750
1403638586.827830  6.499681 -9.925902  1.559081  0.774660 -0.243671  0.553887  0.183670
1403638586.927830  6.501140 -9.835936  1.542834  0.773995 -0.243158  0.555076  0.183565
1403638587.027829  6.509975 -9.749497  1.521537  0.773837 -0.243439  0.555449  0.182731
1403638587.127830  6.510587 -9.657276  1.502444  0.773970 -0.243995  0.555289  0.181908
1403638587.227829  6.515447 -9.565763  1.491462  0.776246 -0.243460  0.552431  0.181633
1403638587.327830  6.515323 -9.473265  1.489352  0.777797 -0.243981  0.550154  0.181207
1403638587.427830  6.519421 -9.378367  1.490828  0.778418 -0.244949  0.549317  0.179768
1403638587.527829  6.519693 -9.280889  1.492481  0.778122 -0.245969  0.549701  0.178480
1403638587.627830  6.524302 -9.185218  1.489197  0.778065 -0.247226  0.549527  0.177520
1403638587.727829  6.525971 -9.087843  1.479588  0.777888 -0.247200  0.549694  0.177817
1403638587.827830  6.530860 -8.992984  1.466323  0.777414 -0.248414  0.550046  0.177109
1403638587.927830  6.535495 -8.900618  1.446233  0.777045 -0.248887  0.550466  0.176760
1403638588.027829  6.538129 -8.805969  1.424503  0.776373 -0.248938  0.551438  0.176610
1403638588.127830  6.541719 -8.717658  1.397745  0.776743 -0.246663  0.550898  0.179832
1403638588.227829  6.542781 -8.625188  1.370406  0.777667 -0.242015  0.549550  0.186163
1403638588.327830  6.546218 -8.535111  1.344744  0.778317 -0.241083  0.548819  0.186815
1403638588.427830  6.548430 -8.432934  1.330785  0.778175 -0.241002  0.549095  0.186697
1403638588.527829  6.552742 -8.335265  1.322048  0.777922 -0.242439  0.549569  0.184486
1403638588.627830  6.556009 -8.231361  1.322636  0.777260 -0.243654  0.550718  0.182236
1403638588.727829  6.557319 -8.129328  1.329076  0.775572 -0.245600  0.553116  0.179532
1403638588.827830  6.557806 -8.023358  1.338344  0.774918 -0.246375  0.553940  0.178754
1403638588.927830  6.561915 -7.923535  1.340756  0.774723 -0.247874  0.553963  0.177447
1403638589.027829  6.559300 -7.816473  1.335798  0.774677 -0.248596  0.553728  0.177373
1403638589.127830  6.563119 -7.718065  1.325557  0.774922 -0.248161  0.553113  0.178827
1403638589.227829  6.560583 -7.609434  1.308662  0.774564 -0.248139  0.553562  0.179019
1403638589.327830  6.565621 -7.508977  1.289524  0.773954 -0.248278  0.554283  0.179232
1403638589.427830  6.561596 -7.400662  1.271972  0.774000 -0.248535  0.554292  0.178649
1403638589.527829  6.559901 -7.298691  1.261509  0.774404 -0.248547  0.553799  0.178409
1403638589.627830  6.552854 -7.189181  1.257017  0.774211 -0.248334  0.554024  0.178844
1403638589.727829  6.549312 -7.089360  1.265563  0.776014 -0.249102  0.551389  0.178100
1403638589.827830  6.540504 -6.984576  1.273555  0.776834 -0.250052  0.549928  0.177712
1403638589.927830  6.535399 -6.888201  1.281836  0.777380 -0.250030  0.548802  0.178835
1403638590.027829  6.526510 -6.781792  1.278927  0.776913 -0.251484  0.549102  0.177903
1403638590.127830  6.517477 -6.686299  1.276150  0.776419 -0.251680  0.549534  0.178448
1403638590.227829  6.507602 -6.580448  1.264257  0.775545 -0.251984  0.550484  0.178888
1403638590.327830  6.498432 -6.488666  1.252482  0.775287 -0.252122  0.550828  0.178754
1403638590.427830  6.487497 -6.384910  1.233289  0.776291 -0.252390  0.549153  0.179173
1403638590.527829  6.473695 -6.291457  1.215852  0.776363 -0.253160  0.549115  0.177887
1403638590.627830  6.461052 -6.191246  1.200984  0.778400 -0.253644  0.546294  0.176976
1403638590.727829  6.447001 -6.101494  1.197272  0.779440 -0.255016  0.544925  0.174633
1403638590.827830  6.436274 -6.004076  1.199508  0.780487 -0.254788  0.543482  0.174785
1403638590.927830  6.425397 -5.914786  1.209454  0.781036 -0.255472  0.542694  0.173779
1403638591.027829  6.414771 -5.818439  1.224383  0.781773 -0.256697  0.541417  0.172644
1403638591.127830  6.403512 -5.726133  1.239120  0.784405 -0.257482  0.537454  0.171916
1403638591.227829  6.395579 -5.634415  1.246164  0.789339 -0.259220  0.529866  0.170268
1403638591.327830  6.388760 -5.544891  1.245913  0.794963 -0.261908  0.521155  0.166840
1403638591.427830  6.388519 -5.462013  1.241706  0.798127 -0.264153  0.515957  0.164333
1403638591.527829  6.393330 -5.385911  1.232138  0.800659 -0.266545  0.511719  0.161376
1403638591.627830  6.405620 -5.320807  1.217749  0.802708 -0.268044  0.508374  0.159274
1403638591.727829  6.426012 -5.271134  1.202047  0.801612 -0.268719  0.509830  0.159000
1403638591.827830  6.452510 -5.229090  1.186294  0.799236 -0.267487  0.513759  0.160390
1403638591.927830  6.483731 -5.201783  1.175659  0.796645 -0.266015  0.518184  0.161487
1403638592.027829  6.521412 -5.175767  1.173646  0.794016 -0.265372  0.522377  0.161984
1403638592.127830  6.562587 -5.163868  1.179869  0.792525 -0.263873  0.525426  0.161873
1403638592.227829  6.608481 -5.145704  1.196408  0.787877 -0.260469  0.535219  0.157944
1403638592.327830  6.656066 -5.135391  1.223439  0.783190 -0.253664  0.547249  0.150948
1403638592.427830  6.704139 -5.126223  1.257816  0.782842 -0.241937  0.555913  0.139950
1403638592.527829  6.748298 -5.120227  1.299086  0.788155 -0.227402  0.557080  0.129469
1403638592.627830  6.788449 -5.117034  1.346184  0.795637 -0.214276  0.553170  0.122681
1403638592.727829  6.827905 -5.118202  1.396085  0.802912 -0.204868  0.547436  0.116938
1403638592.827830  6.867437 -5.123193  1.441430  0.809309 -0.199401  0.541094  0.111693
1403638592.927830  6.907933 -5.131051  1.481669  0.812831 -0.195070  0.537775  0.109786
1403638593.027829  6.951055 -5.143051  1.516823  0.814261 -0.192478  0.536745  0.108795
1403638593.127830  6.998922 -5.159783  1.547577  0.814326 -0.191410  0.537112  0.108377
1403638593.227829  7.051248 -5.180923  1.583838  0.810913 -0.189422  0.542339  0.111387
1403638593.327830  7.105689 -5.203882  1.628410  0.808300 -0.184672  0.546120  0.119586
1403638593.427830  7.160398 -5.227926  1.675107  0.803702 -0.179087  0.552404  0.129775
1403638593.527829  7.215595 -5.250616  1.715606  0.799959 -0.177169  0.557143  0.135160
1403638593.627830  7.271736 -5.270070  1.749175  0.798002 -0.176943  0.559256  0.138263
1403638593.727829  7.327842 -5.285612  1.776941  0.796071 -0.176637  0.561618  0.140201
1403638593.827830  7.385388 -5.298143  1.799469  0.789747 -0.177611  0.570407  0.139246
1403638593.927830  7.438308 -5.304705  1.828307  0.780525 -0.175358  0.584948  0.133664
1403638594.027829  7.485397 -5.307185  1.858900  0.782974 -0.172568  0.584250  0.125793
1403638594.127830  7.526041 -5.307007  1.894766  0.788931 -0.169635  0.578236  0.120225
1403638594.227829  7.562117 -5.305520  1.932210  0.793789 -0.164664  0.573040  0.120040
1403638594.327830  7.595644 -5.301921  1.963660  0.794063 -0.160402  0.573806  0.120341
1403638594.427830  7.625183 -5.295717  2.000541  0.792682 -0.154047  0.576505  0.124764
1403638594.527829  7.651121 -5.284037  2.036573  0.792366 -0.152847  0.577567  0.123330
1403638594.627830  7.670892 -5.268713  2.084723  0.792881 -0.155305  0.577410  0.117551
1403638594.727829  7.688543 -5.251030  2.128729  0.793395 -0.158284  0.576642  0.113818
1403638594.827830  7.699777 -5.232089  2.171567  0.793703 -0.160000  0.576041  0.112302
1403638594.927830  7.711373 -5.211658  2.203047  0.794541 -0.161049  0.574607  0.112225
1403638595.027829  7.721562 -5.190418  2.228959  0.796061 -0.162704  0.572162  0.111558
1403638595.127830  7.723442 -5.166202  2.253143  0.796942 -0.163869  0.570622  0.111451
1403638595.227829  7.730437 -5.144503  2.265725  0.797407 -0.164240  0.569702  0.112282
1403638595.327830  7.736359 -5.121836  2.274061  0.797496 -0.164504  0.569409  0.112745
1403638595.427830  7.739913 -5.098767  2.277061  0.797327 -0.165376  0.569460  0.112415
1403638595.527829  7.741771 -5.075527  2.275483  0.797911 -0.165398  0.568624  0.112462
1403638595.627830  7.742577 -5.051837  2.274942  0.798526 -0.164713  0.567839  0.113072
1403638595.727829  7.734974 -5.024369  2.287276  0.799014 -0.161732  0.567152  0.117295
1403638595.827830  7.732124 -4.999336  2.293027  0.799834 -0.160163  0.565856  0.120081
1403638595.927830  7.729766 -4.972216  2.291251  0.799579 -0.159621  0.566100  0.121347
1403638596.027829  7.726959 -4.943758  2.276064  0.799355 -0.156972  0.566280  0.125373
1403638596.127830  7.723570 -4.911549  2.254609  0.800494 -0.150128  0.564153  0.135654
1403638596.227829  7.719750 -4.872799  2.236890  0.802490 -0.141487  0.560559  0.147528
1403638596.327830  7.715223 -4.824746  2.230673  0.803620 -0.133344  0.557957  0.158425
1403638596.427830  7.716013 -4.768981  2.229271  0.803560 -0.127810  0.557396  0.165122
1403638596.527829  7.717349 -4.700633  2.240658  0.803361 -0.122189  0.556960  0.171686
1403638596.627830  7.726346 -4.619855  2.256450  0.803849 -0.116377  0.555225  0.178911
1403638596.727829  7.738775 -4.522863  2.279888  0.804459 -0.111486  0.553290  0.185167
1403638596.827830  7.756096 -4.410937  2.314637  0.804113 -0.108064  0.553095  0.189233
1403638596.927830  7.778972 -4.280749  2.350098  0.803099 -0.106121  0.554139  0.191572
1403638597.027829  7.804652 -4.136784  2.386897  0.802093 -0.106147  0.555014  0.193231
1403638597.127830  7.836132 -3.977463  2.417489  0.800506 -0.105178  0.556550  0.195908
1403638597.227829  7.871140 -3.801804  2.441468  0.798372 -0.106486  0.559203  0.196356
1403638597.327830  7.909219 -3.610584  2.457538  0.796297 -0.110185  0.562705  0.192700
1403638597.427830  7.950383 -3.404836  2.467864  0.794241 -0.115913  0.566512  0.186574
1403638597.527829  7.992333 -3.184910  2.476151  0.789780 -0.124950  0.574579  0.174623
1403638597.627830  8.031513 -2.954953  2.478829  0.786418 -0.132335  0.580233  0.165419
1403638597.727829  8.067148 -2.717435  2.477138  0.785607 -0.132961  0.581307  0.165001
1403638597.827830  8.100264 -2.472826  2.470611  0.788234 -0.123188  0.578402  0.170185
1403638597.927830  8.130437 -2.219176  2.458797  0.790916 -0.111844  0.575833  0.174237
1403638598.027829  8.159910 -1.955112  2.447297  0.791907 -0.105327  0.576398  0.171919
1403638598.127830  8.189704 -1.678635  2.442953  0.792405 -0.109288  0.579381  0.156423
1403638598.227829  8.215395 -1.392974  2.444139  0.793382 -0.118947  0.581386  0.135598
1403638598.327830  8.239061 -1.104086  2.447059  0.795899 -0.126291  0.579574  0.121195
1403638598.427830  8.262661 -0.816210  2.444645  0.797903 -0.129854  0.577477  0.114055
1403638598.527829  8.284904 -0.529705  2.436480  0.799570 -0.129713  0.575949  0.110208
1403638598.627830  8.304509 -0.245657  2.419471  0.802827 -0.124667  0.573420  0.105436
1403638598.727829 8.323858 0.035557 2.400934  0.804696 -0.114367  0.574049  0.099262
1403638598.827830 8.341446 0.314522 2.386462  0.805887 -0.101648  0.576236  0.090363
1403638598.927830 8.356372 0.590076 2.376813  0.808461 -0.086065  0.576557  0.081025
1403638599.027829 8.369309 0.863081 2.370342  0.810318 -0.070361  0.577724  0.068333
1403638599.127830 8.381880 1.134099 2.371069  0.811573 -0.052141  0.579077  0.057445
1403638599.227829 8.390286 1.403435 2.375801  0.813171 -0.033595  0.579237  0.045914
1403638599.327830 8.396031 1.671575 2.387082  0.815254 -0.015509  0.577972  0.032703
1403638599.427830 8.399110 1.937450 2.405235 0.818155 0.000935 0.574522 0.023363
1403638599.527829 8.400838 2.202362 2.425539 0.820358 0.012069 0.571488 0.016403
1403638599.627830 8.401691 2.466913 2.439632 0.822023 0.017383 0.569091 0.010525
1403638599.727829 8.401087 2.729609 2.444381 0.823219 0.020600 0.567289 0.008351
1403638599.827830 8.403738 2.991344 2.441153 0.823852 0.019745 0.566414 0.007304
1403638599.927830 8.408641 3.250642 2.433516 0.825072 0.015954 0.564784 0.004527
1403638600.027829 8.417402 3.508338 2.420843  0.824444  0.009374  0.565866 -0.000414
1403638600.127830 8.430203 3.761780 2.405182  0.826513 -0.000107  0.562852 -0.008663
1403638600.227829 8.445491 4.007592 2.386158  0.829281 -0.011786  0.558328 -0.020587
1403638600.327830 8.463055 4.244662 2.362875  0.830951 -0.021390  0.555154 -0.029438
1403638600.427830 8.483972 4.468186 2.342957  0.832160 -0.029678  0.552480 -0.037348
1403638600.527829 8.510816 4.680229 2.331376  0.832866 -0.032550  0.551170 -0.038538
1403638600.627830 8.542257 4.876431 2.329610  0.834196 -0.033917  0.549101 -0.038133
1403638600.727829 8.577228 5.059002 2.334510  0.836342 -0.035134  0.545713 -0.038679
1403638600.827830 8.618372 5.228284 2.344652  0.840295 -0.032040  0.540040 -0.035138
1403638600.927830 8.666435 5.382569 2.357808  0.843508 -0.019635  0.536401 -0.019554
1403638601.027829 8.722191 5.527068 2.366536  0.844411 -0.008486  0.535594 -0.006083
1403638601.127830 8.787103 5.665966 2.370025  0.843262 -0.002782  0.537495  0.000527
1403638601.227829 8.859809 5.800856 2.368548 0.840325 0.004515 0.541985 0.009259
1403638601.327830 8.938414 5.936664 2.364458 0.832964 0.011061 0.552996 0.015597
1403638601.427830 9.021185 6.075208 2.360998 0.828593 0.013557 0.559664 0.005158
1403638601.527829 9.106012 6.216093 2.364405  0.824401  0.023138  0.565495 -0.006573
1403638601.627830 9.190571 6.356202 2.374348  0.821098  0.040135  0.569100 -0.017683
1403638601.727829 9.274869 6.495770 2.390293  0.818566  0.063198  0.570145 -0.029844
1403638601.827830 9.356924 6.634301 2.414261  0.814271  0.090919  0.571676 -0.043398
1403638601.927830 9.435658 6.774361 2.443917  0.809766  0.118556  0.571762 -0.057549
1403638602.027829 9.511560 6.915574 2.470927  0.807406  0.138746  0.569084 -0.070633
1403638602.127830 9.584614 7.057687 2.491042  0.804339  0.154126  0.568385 -0.078884
1403638602.227829 9.655321 7.202348 2.503224  0.798063  0.170856  0.571639 -0.084452
1403638602.327830 9.716299 7.350581 2.515992  0.789426  0.187015  0.576423 -0.097818
1403638602.427830 9.774852 7.501563 2.530647  0.773668  0.194722  0.588752 -0.129969
1403638602.527829 9.820127 7.651229 2.559058  0.750018  0.199961  0.608352 -0.165517
1403638602.627830 9.853664 7.788792 2.592673  0.733027  0.208033  0.617630 -0.194747
1403638602.727829 9.873083 7.909438 2.628812  0.726833  0.224897  0.614061 -0.209913
1403638602.827830 9.872412 8.012454 2.672855  0.723020  0.246124  0.607532 -0.218107
1403638602.927830 9.858030 8.099656 2.719216  0.721392  0.264221  0.596527 -0.232240
1403638603.027829 9.833010 8.173848 2.765013  0.720008  0.277838  0.582943 -0.254109
1403638603.127830 9.800967 8.233394 2.805164  0.712204  0.291816  0.578062 -0.271021
1403638603.227829 9.763644 8.282343 2.838951  0.711596  0.307746  0.568374 -0.275452
1403638603.327830 9.719908 8.316808 2.859817  0.723545  0.324433  0.546529 -0.269320
1403638603.427830 9.673549 8.343063 2.873800  0.734479  0.335533  0.527732 -0.263547
1403638603.527829 9.628073 8.366040 2.884926  0.738119  0.340729  0.520272 -0.261536
1403638603.627830 9.582832 8.385865 2.892796  0.732133  0.342915  0.525104 -0.265811
1403638603.727829 9.536636 8.400069 2.894475  0.723785  0.347805  0.534894 -0.262785
1403638603.827830 9.484911 8.408501 2.889326  0.715745  0.353185  0.545130 -0.256520
1403638603.927830 9.430732 8.410644 2.874233  0.708427  0.357886  0.554642 -0.249840
1403638604.027829 9.364018 8.413446 2.855727  0.703331  0.360321  0.561976 -0.244290
1403638604.127830 9.288224 8.414072 2.835894  0.700246  0.361918  0.566357 -0.240647
1403638604.227829 9.204461 8.411617 2.823453  0.701663  0.360376  0.564258 -0.243746
1403638604.327830 9.108818 8.401331 2.817862  0.708090  0.356515  0.555592 -0.250645
1403638604.427830 9.005438 8.388072 2.818072  0.716220  0.355256  0.544823 -0.252962
1403638604.527829 8.897018 8.369712 2.826677  0.723468  0.357359  0.535071 -0.250176
1403638604.627830 8.786100 8.349989 2.834378  0.726572  0.358242  0.530678 -0.249274
1403638604.727829 8.674212 8.329962 2.836032  0.729198  0.355586  0.526872 -0.253445
1403638604.827830 8.561835 8.307419 2.834642  0.731480  0.353287  0.523605 -0.256833
1403638604.927830 8.451328 8.282351 2.834995  0.735561  0.354397  0.517796 -0.255420
1403638605.027829 8.342746 8.256497 2.840334  0.742722  0.356523  0.507361 -0.252667
1403638605.127830 8.235373 8.230289 2.854166  0.748080  0.358524  0.499375 -0.249923
1403638605.227829 8.133191 8.205743 2.874392  0.749863  0.360689  0.496584 -0.247008
1403638605.327830 8.036231 8.188110 2.892054  0.748798  0.364022  0.498071 -0.242313
1403638605.427830 7.942900 8.177370 2.905746  0.741158  0.369083  0.508940 -0.235464
1403638605.527829 7.848459 8.169396 2.912465  0.730912  0.373568  0.523067 -0.229382
1403638605.627830 7.753030 8.165760 2.913277  0.723461  0.378015  0.532820 -0.223184
1403638605.727829 7.653349 8.167144 2.912648  0.720175  0.380139  0.536919 -0.220365
1403638605.827830 7.548602 8.172919 2.921872  0.720728  0.381006  0.536156 -0.218912
1403638605.927830 7.436476 8.186948 2.935972  0.720181  0.382541  0.536975 -0.216007
1403638606.027829 7.319136 8.205628 2.956490  0.719488  0.384248  0.538294 -0.211964
1403638606.127830 7.193995 8.231140 2.968027  0.719577  0.385131  0.538681 -0.209061
1403638606.227829 7.061407 8.260376 2.976926  0.719762  0.386559  0.538616 -0.205933
1403638606.327830 6.922293 8.296067 2.973639  0.723679  0.384681  0.534196 -0.207230
1403638606.427830 6.775290 8.336436 2.967005  0.733938  0.378868  0.521449 -0.214209
1403638606.527829 6.626087 8.382772 2.951815  0.744466  0.372062  0.507609 -0.222875
1403638606.627830 6.477047 8.434036 2.932399  0.750478  0.370770  0.497104 -0.228474
1403638606.727829 6.333823 8.493315 2.907790  0.751885  0.377332  0.488053 -0.232579
1403638606.827830 6.194863 8.558663 2.880024  0.749319  0.388525  0.479933 -0.239236
1403638606.927830 6.061903 8.631736 2.854736  0.743283  0.402902  0.472432 -0.249016
1403638607.027829 5.936632 8.713254 2.836024  0.735049  0.417885  0.465000 -0.262393
1403638607.127830 5.818654 8.799893 2.827031  0.727460  0.427520  0.458281 -0.279299
1403638607.227829 5.708565 8.893460 2.823937  0.714760  0.433772  0.463281 -0.293821
1403638607.327830 5.605034 8.989687 2.815737  0.702942  0.435882  0.470939 -0.306750
1403638607.427830 5.505931 9.087440 2.798435  0.696354  0.436534  0.473992 -0.316007
1403638607.527829 5.412624 9.183819 2.771947  0.695434  0.437144  0.471864 -0.320346
1403638607.627830 5.324109 9.277197 2.740425  0.694186  0.438413  0.471723 -0.321523
1403638607.727829 5.240131 9.368892 2.706395  0.691818  0.438798  0.475078 -0.321164
1403638607.827830 5.160236 9.458477 2.668739  0.692461  0.438458  0.474958 -0.320418
1403638607.927830 5.083874 9.544073 2.628526  0.696684  0.435054  0.470281 -0.322793
1403638608.027829 5.013092 9.629780 2.582583  0.698418  0.431435  0.469542 -0.324972
1403638608.127830 4.948517 9.713500 2.532604  0.695824  0.430441  0.475382 -0.323360
1403638608.227829 4.887421 9.792262 2.478524  0.691838  0.431002  0.483019 -0.319830
1403638608.327830 4.829251 9.867981 2.419436  0.686880  0.429495  0.491395 -0.319784
1403638608.427830 4.770628 9.939158 2.356996  0.683320  0.428696  0.496679 -0.320318
1403638608.527829  4.714446 10.005717  2.287848  0.685204  0.429422  0.494507 -0.318679
1403638608.627830  4.656038 10.070048  2.216763  0.684447  0.427052  0.496239 -0.320788
1403638608.727829  4.600270 10.126831  2.150771  0.681658  0.424845  0.499409 -0.324715
1403638608.827830  4.543797 10.173951  2.088069  0.684350  0.426225  0.495570 -0.323123
1403638608.927830  4.487774 10.219309  2.032397  0.688280  0.427603  0.489979 -0.321476
1403638609.027829  4.433268 10.257607  1.983359  0.691972  0.427789  0.484416 -0.321733
1403638609.127830  4.381192 10.292552  1.941604  0.693464  0.428535  0.482326 -0.320667
1403638609.227829  4.331584 10.321975  1.903851  0.693449  0.423676  0.482009 -0.327557
1403638609.327830  4.284711 10.346983  1.862549  0.693851  0.420668  0.481432 -0.331410
1403638609.427830  4.242859 10.367494  1.812857  0.693770  0.422643  0.481895 -0.328380
1403638609.527829  4.202246 10.384348  1.757122  0.693849  0.424787  0.482428 -0.324642
1403638609.627830  4.165397 10.400979  1.694498  0.693866  0.425735  0.482871 -0.322701
1403638609.727829  4.130784 10.411995  1.628814  0.692695  0.427930  0.484609 -0.319693
1403638609.827830  4.097469 10.429550  1.565514  0.693746  0.427656  0.483097 -0.320071
1403638609.927830  4.067739 10.436463  1.512654  0.693343  0.427424  0.483742 -0.320278
1403638610.027829  4.044232 10.443912  1.466933  0.692171  0.425866  0.485217 -0.322649
1403638610.127830  4.019918 10.444662  1.429531  0.689315  0.423583  0.489189 -0.325755
1403638610.227829  3.997688 10.441612  1.391586  0.686543  0.422595  0.493045 -0.327076
1403638610.327830  3.976263 10.433941  1.347086  0.685654  0.421361  0.494523 -0.328298
1403638610.427830  3.957851 10.423534  1.296283  0.685303  0.420110  0.495189 -0.329630
1403638610.527829  3.937253 10.406006  1.240839  0.682356  0.420022  0.499610 -0.329182
1403638610.627830  3.917013 10.381752  1.183259  0.675191  0.416022  0.508949 -0.334685
1403638610.727829  3.894654 10.349123  1.126508  0.675889  0.416295  0.507642 -0.334920
1403638610.827830  3.870784 10.311005  1.074245  0.683223  0.419704  0.497007 -0.331721
1403638610.927830  3.850108 10.266880  1.032096  0.686182  0.422251  0.491819 -0.330111
1403638611.027829  3.830823 10.220032  0.990341  0.685174  0.420431  0.492938 -0.332846
1403638611.127830  3.810829 10.167438  0.943659  0.682526  0.419372  0.495833 -0.335313
1403638611.227829  3.793438 10.108393  0.895966  0.681977  0.420339  0.495915 -0.335098
1403638611.327830  3.776643 10.041239  0.852106  0.681317  0.422688  0.496643 -0.332397
1403638611.427830 3.759206 9.967387 0.813682  0.676702  0.429807  0.503845 -0.321684
1403638611.527829 3.736162 9.891067 0.777486  0.673853  0.436688  0.508488 -0.310912
1403638611.627830 3.708926 9.811069 0.749316  0.675746  0.439215  0.506958 -0.305697
1403638611.727829 3.677970 9.728525 0.724996  0.679902  0.437399  0.501757 -0.307661
1403638611.827830 3.644466 9.644858 0.696699  0.685731  0.432350  0.494166 -0.314082
1403638611.927830 3.612212 9.563088 0.664595  0.690520  0.428828  0.488166 -0.317777
1403638612.027829 3.580390 9.479146 0.632377  0.693208  0.427167  0.484695 -0.319472
1403638612.127830 3.550762 9.396682 0.602850  0.695093  0.425563  0.482459 -0.320897
1403638612.227829 3.523486 9.313058 0.583953  0.695630  0.425701  0.482096 -0.320097
1403638612.327830 3.500024 9.230896 0.569461  0.695277  0.425986  0.482716 -0.319548
1403638612.427830 3.479328 9.146495 0.557767  0.694240  0.425752  0.484929 -0.318763
1403638612.527829 3.459172 9.061792 0.539662  0.692229  0.425653  0.489192 -0.316747
1403638612.627830 3.438419 8.975951 0.514750  0.690561  0.427494  0.493034 -0.311918
1403638612.727829 3.415047 8.886346 0.481062  0.688785  0.428502  0.497287 -0.307681
1403638612.827830 3.392985 8.802287 0.446296  0.687865  0.426877  0.500575 -0.306664
1403638612.927830 3.363534 8.711270 0.410716  0.687428  0.424342  0.502738 -0.307622
1403638613.027829 3.335905 8.626803 0.384963  0.689921  0.423339  0.500261 -0.307460
1403638613.127830 3.304617 8.539783 0.367666  0.691437  0.422451  0.498784 -0.307675
1403638613.227829 3.269554 8.449714 0.352529  0.693177  0.422067  0.496704 -0.307653
1403638613.327830 3.237078 8.363126 0.349072  0.693764  0.422594  0.496055 -0.306653
1403638613.427830 3.199902 8.271110 0.346272  0.693049  0.423039  0.497100 -0.305962
1403638613.527829 3.164320 8.184424 0.340622  0.692960  0.419567  0.499493 -0.307045
1403638613.627830 3.128116 8.097622 0.328960  0.694555  0.413364  0.501308 -0.308891
1403638613.727829 3.088364 8.002519 0.309687  0.693529  0.406708  0.505684 -0.312873
1403638613.827830 3.050250 7.912657 0.283150  0.694046  0.399334  0.510967 -0.312642
1403638613.927830 3.010143 7.813006 0.250041  0.698213  0.390524  0.515296 -0.307342
1403638614.027829 2.971937 7.713807 0.213475  0.705349  0.379789  0.519782 -0.296766
1403638614.127830 2.932211 7.609094 0.173509  0.714836  0.366780  0.523381 -0.283819
1403638614.227829 2.890606 7.500018 0.136663  0.724804  0.353466  0.525988 -0.270292
1403638614.327830 2.846384 7.386720 0.104244  0.732699  0.342182  0.527463 -0.260473
1403638614.427830 2.800499 7.271924 0.079492  0.738507  0.332483  0.528107 -0.255275
1403638614.527829 2.753971 7.158460 0.064399  0.742974  0.324308  0.528338 -0.252335
1403638614.627830 2.707559 7.045000 0.056702  0.747499  0.314217  0.529745 -0.248763
1403638614.727829 2.665026 6.933653 0.060767  0.755049  0.299948  0.528437 -0.246345
1403638614.827830 2.626539 6.822980 0.076166  0.765763  0.282895  0.524786 -0.241198
1403638614.927830 2.593350 6.710344 0.099479  0.776152  0.265257  0.523535 -0.230515
1403638615.027829 2.568226 6.597962 0.128405  0.785232  0.244590  0.526253 -0.215973
1403638615.127830 2.549418 6.484296 0.161652  0.791715  0.223207  0.534019 -0.195421
1403638615.227829 2.535229 6.367462 0.200379  0.793771  0.202143  0.547521 -0.171132
1403638615.327830 2.523545 6.249975 0.238318  0.796815  0.177997  0.557866 -0.148959
1403638615.427830 2.512411 6.132213 0.270581  0.800279  0.152052  0.565695 -0.128148
1403638615.527829 2.500110 6.011879 0.295614  0.804194  0.126587  0.570479 -0.108633
1403638615.627830 2.485296 5.889982 0.314730  0.806622  0.105560  0.574005 -0.093473
1403638615.727829 2.473216 5.772430 0.334628  0.808469  0.090819  0.575465 -0.083487
1403638615.827830 2.459419 5.656263 0.361946  0.809712  0.079961  0.576270 -0.076719
1403638615.927830 2.443616 5.540618 0.393201  0.810731  0.067336  0.577114 -0.071554
1403638616.027829 2.425947 5.423322 0.418740  0.812333  0.055460  0.577072 -0.063457
1403638616.127830 2.406211 5.304143 0.435046  0.813262  0.042830  0.577827 -0.053726
1403638616.227829 2.385639 5.186484 0.435229  0.814688  0.026382  0.577629 -0.043947
1403638616.327830 2.363804 5.065682 0.420164  0.815630  0.007411  0.577665 -0.031562
1403638616.427830 2.341070 4.944623 0.393053  0.816246 -0.011573  0.577288 -0.018625
1403638616.527829 2.317704 4.820825 0.362527  0.817028 -0.027128  0.575885 -0.009241
1403638616.627830 2.294513 4.699672 0.327807  0.819950 -0.038073  0.571165 -0.001401
1403638616.727829 2.272644 4.578100 0.289391  0.827127 -0.047684  0.559989  0.000246
1403638616.827830 2.256625 4.457939 0.247426  0.834716 -0.056884  0.547717 -0.004489
1403638616.927830 2.247943 4.337268 0.208854  0.836828 -0.059777  0.544172 -0.004715
1403638617.027829 2.245765 4.211292 0.181213  0.833604 -0.054986  0.549613  0.002438
1403638617.127830 2.248193 4.081247 0.162243  0.829748 -0.048229  0.555969  0.009495
1403638617.227829 2.254063 3.949095 0.149768  0.829584 -0.042597  0.556603  0.012974
1403638617.327830 2.263537 3.816859 0.141714  0.832776 -0.039674  0.552052  0.012197
1403638617.427830 2.277569 3.686388 0.140470  0.836939 -0.036038  0.545958  0.012827
1403638617.527829 2.297206 3.558311 0.148050  0.838707 -0.032772  0.543450  0.012594
1403638617.627830 2.323503 3.433529 0.164581  0.838252 -0.029986  0.544313  0.012574
1403638617.727829 2.359179 3.315242 0.190202  0.836549 -0.025830  0.547094  0.014381
1403638617.827830 2.399561 3.200899 0.222766  0.836434 -0.023195  0.547380  0.014713
1403638617.927830 2.445081 3.091544 0.262564  0.835259 -0.022184  0.549248  0.013317
1403638618.027829 2.495791 2.983369 0.300304  0.834805 -0.021045  0.550005  0.012311
1403638618.127830 2.548962 2.877877 0.332291  0.834902 -0.020587  0.549918  0.010307
1403638618.227829 2.607815 2.774791 0.357437  0.834668 -0.019456  0.550323  0.009773
1403638618.327830 2.668654 2.676088 0.378225  0.833986 -0.017969  0.551399  0.010158
1403638618.427830 2.733472 2.578898 0.395229  0.833889 -0.016942  0.551582  0.009998
1403638618.527829 2.801572 2.486141 0.411403  0.833347 -0.015819  0.552443  0.009430
1403638618.627830 2.873657 2.393675 0.424249  0.832988 -0.017697  0.552875  0.012112
1403638618.727829 2.949158 2.306319 0.438818  0.832749 -0.019992  0.553050  0.016309
1403638618.827830 3.028918 2.222068 0.458200  0.831568 -0.023992  0.554625  0.017639
1403638618.927830 3.111637 2.141655 0.482564  0.828920 -0.029374  0.558140  0.022532
1403638619.027829 3.197020 2.063124 0.503197  0.824463 -0.040680  0.563586  0.031249
1403638619.127830 3.282531 1.986205 0.516048  0.820810 -0.056536  0.566592  0.045269
1403638619.227829 3.368386 1.912474 0.521940  0.817127 -0.078262  0.568059  0.059054
1403638619.327830 3.453821 1.841658 0.520181  0.813421 -0.103167  0.567576  0.074571
1403638619.427830 3.537690 1.774316 0.510967  0.808748 -0.126590  0.567603  0.087914
1403638619.527829 3.622789 1.710668 0.499760  0.804695 -0.144989  0.567608  0.096256
1403638619.627830 3.707237 1.649722 0.486665  0.801640 -0.160510  0.567268  0.099077
1403638619.727829 3.790392 1.588750 0.470654  0.798900 -0.175376  0.567661  0.093612
1403638619.827830 3.870819 1.525531 0.452962  0.796027 -0.184342  0.569230  0.091308
1403638619.927830 3.946832 1.460808 0.430396  0.794460 -0.189367  0.569678  0.091874
1403638620.027829 4.018082 1.392181 0.410622  0.793193 -0.191372  0.570335  0.094544
1403638620.127830 4.083600 1.320496 0.391261  0.790399 -0.191450  0.573599  0.097979
1403638620.227829 4.141566 1.246586 0.383121  0.788123 -0.190924  0.576413  0.100792
1403638620.327830 4.194350 1.170560 0.378131  0.789794 -0.188451  0.574215  0.104822
1403638620.427830 4.237246 1.094878 0.383624  0.790870 -0.186781  0.573029  0.106181
1403638620.527829 4.278735 1.016558 0.389565  0.792145 -0.184607  0.571861  0.106780
1403638620.627830 4.312539 0.939525 0.392881  0.794282 -0.183876  0.569473  0.104910
1403638620.727829 4.347574 0.860007 0.389340  0.797467 -0.184526  0.565498  0.101038
1403638620.827830 4.378427 0.780635 0.380462  0.800491 -0.183098  0.561906  0.099749
1403638620.927830 4.403587 0.701576 0.369432  0.802365 -0.177110  0.560231  0.104802
1403638621.027829 4.434158 0.619182 0.354570  0.801612 -0.171256  0.562228  0.109496
1403638621.127830 4.456866 0.539631 0.340834  0.800468 -0.168204  0.564651  0.110124
1403638621.227829 4.484839 0.460140 0.334462  0.798932 -0.165823  0.567584  0.109812
1403638621.327830 4.511152 0.383291 0.335266  0.799457 -0.162781  0.567424  0.111359
1403638621.427830 4.536110 0.308636 0.334910  0.798262 -0.160718  0.569707  0.111276
1403638621.527829 4.559043 0.237744 0.328614  0.796239 -0.158305  0.573017  0.112229
1403638621.627830 4.576247 0.174827 0.319509  0.794601 -0.156782  0.575707  0.112208
1403638621.727829 4.595593 0.110088 0.303451  0.793748 -0.155742  0.577115  0.112457
1403638621.827830 4.607822 0.055188 0.285134  0.791491 -0.154013  0.580364  0.114016
1403638621.927830  4.618835 -0.002190  0.262961  0.788058 -0.152441  0.585148  0.115450
1403638622.027829  4.624426 -0.051744  0.237854  0.786505 -0.152558  0.587346  0.114723
1403638622.127830  4.623790 -0.090203  0.210301  0.787158 -0.154679  0.586379  0.112323
1403638622.227829  4.620483 -0.132616  0.181007  0.787460 -0.156453  0.585953  0.109951
1403638622.327830  4.611632 -0.170544  0.158128  0.787416 -0.158491  0.585873  0.107748
1403638622.427830  4.596806 -0.205500  0.144500  0.788275 -0.157928  0.584402  0.110251
1403638622.527829  4.573872 -0.229525  0.141787  0.788333 -0.156767  0.584035  0.113396
1403638622.627830  4.550568 -0.260790  0.141611  0.786791 -0.154278  0.585787  0.118367
1403638622.727829  4.519873 -0.279044  0.156522  0.778831 -0.152640  0.596059  0.121802
1403638622.827830  4.486680 -0.300557  0.174118  0.769171 -0.152141  0.608203  0.123771
1403638622.927830  4.445740 -0.310206  0.196019  0.769252 -0.153349  0.607870  0.123408
1403638623.027829  4.395511 -0.315662  0.212309  0.775410 -0.156382  0.599747  0.120780
1403638623.127830  4.337167 -0.317211  0.222145  0.781100 -0.160026  0.592145  0.116786
1403638623.227829  4.271022 -0.311933  0.227503  0.784135 -0.162973  0.588081  0.112837
1403638623.327830  4.200978 -0.307458  0.227480  0.787577 -0.164829  0.583413  0.110378
1403638623.427830  4.128214 -0.304281  0.223042  0.790329 -0.164950  0.579623  0.110490
1403638623.527829  4.051955 -0.298650  0.217519  0.790854 -0.165788  0.578921  0.109156
1403638623.627830  3.972912 -0.293364  0.217239  0.790258 -0.164528  0.579550  0.112003
1403638623.727829  3.889212 -0.286905  0.223944  0.790952 -0.164171  0.578367  0.113726
1403638623.827830  3.802209 -0.278984  0.236268  0.791808 -0.163907  0.576936  0.115409
1403638623.927830  3.711153 -0.269263  0.252513  0.793529 -0.164587  0.574051  0.116999
1403638624.027829  3.617423 -0.258555  0.262942  0.794191 -0.165753  0.572760  0.117189
1403638624.127830  3.523137 -0.245786  0.269111  0.794631 -0.168646  0.571752  0.114976
1403638624.227829  3.429341 -0.233223  0.271846  0.794572 -0.171556  0.571462  0.112493
1403638624.327830  3.332099 -0.219734  0.267983  0.793815 -0.173546  0.572123  0.111426
1403638624.427830  3.235695 -0.206632  0.260677  0.793553 -0.174876  0.572091  0.111373
1403638624.527829  3.141773 -0.195486  0.253638  0.790435 -0.177191  0.575891  0.110300
1403638624.627830  3.040607 -0.183333  0.238318  0.780697 -0.179581  0.588752  0.107866
1403638624.727829  2.936898 -0.172107  0.223646  0.783205 -0.172832  0.586629  0.112181
1403638624.827830  2.838752 -0.162420  0.219673  0.790348 -0.163249  0.579152  0.115252
1403638624.927830  2.726177 -0.146175  0.219708  0.794832 -0.157879  0.575015  0.112576
1403638625.027829  2.625542 -0.134369  0.226719  0.796476 -0.156150  0.574599  0.105258
1403638625.127830  2.513305 -0.117691  0.228510  0.797480 -0.156720  0.574501  0.097021
1403638625.227829  2.416127 -0.107641  0.228099  0.798732 -0.155831  0.573690  0.092863
1403638625.327830  2.304883 -0.093425  0.223082  0.799040 -0.154381  0.573861  0.091567
1403638625.427830  2.206487 -0.086274  0.221914  0.798968 -0.153150  0.574372  0.091058
1403638625.527829  2.095756 -0.074682  0.224743  0.798771 -0.152657  0.574782  0.091025
1403638625.627830  1.987677 -0.065819  0.234964  0.800249 -0.152455  0.572695  0.091538
1403638625.727829  1.886736 -0.061161  0.251371  0.803214 -0.153227  0.568506  0.090391
1403638625.827830  1.778050 -0.053383  0.263833  0.807541 -0.154277  0.562177  0.089629
1403638625.927830  1.673081 -0.050271  0.274410  0.808552 -0.154028  0.560601  0.090805
1403638626.027829  1.568967 -0.047857  0.277802  0.809274 -0.155051  0.559290  0.090716
1403638626.127830  1.468105 -0.046643  0.276156  0.809672 -0.156966  0.558453  0.089018
1403638626.227829  1.373186 -0.047616  0.268633  0.809535 -0.156363  0.558562  0.090623
1403638626.327830  1.278568 -0.050546  0.258887  0.807641 -0.152491  0.561299  0.096990
1403638626.427830  1.185787 -0.053063  0.246172  0.805513 -0.148358  0.564449  0.102644
1403638626.527829  1.091976 -0.053881  0.228766  0.806783 -0.146972  0.562735  0.104066
1403638626.627830  1.003511 -0.055348  0.213242  0.808863 -0.147734  0.559772  0.102813
1403638626.727829  0.917418 -0.055626  0.199649  0.811692 -0.148476  0.555787  0.101054
1403638626.827830  0.833598 -0.055297  0.191399  0.814883 -0.149426  0.551164  0.099274
1403638626.927830  0.758583 -0.055703  0.192740  0.817153 -0.148949  0.547928  0.099247
1403638627.027829  0.687156 -0.055936  0.195101  0.817216 -0.148748  0.548008  0.098588
1403638627.127830  0.622631 -0.056915  0.195290  0.817005 -0.148582  0.548501  0.097839
1403638627.227829  0.561589 -0.058939  0.190313  0.816898 -0.148372  0.548828  0.097219
1403638627.327830  0.506307 -0.060754  0.182626  0.816938 -0.146111  0.548903  0.099848
1403638627.427830  0.459559 -0.063250  0.168563  0.816873 -0.145062  0.549062  0.101029
1403638627.527829  0.416492 -0.065970  0.157412  0.816539 -0.145348  0.549539  0.100724
1403638627.627830  0.379118 -0.068056  0.143733  0.814511 -0.143835  0.552330  0.103995
1403638627.727829  0.346908 -0.069901  0.128690  0.811472 -0.143579  0.556677  0.104927
1403638627.827830  0.333200 -0.067195  0.108423  0.810182 -0.143366  0.558353  0.106270
1403638627.927830  0.303336 -0.067070  0.093016  0.811342 -0.143327  0.556534  0.107010
1403638628.027829  0.274158 -0.065086  0.078278  0.812913 -0.143259  0.554029  0.108173
1403638628.127830  0.247509 -0.060476  0.064908  0.813861 -0.143794  0.552388  0.108720
1403638628.227829  0.225267 -0.054422  0.052732  0.813963 -0.144517  0.551979  0.109078
1403638628.327830  0.211339 -0.045722  0.042844  0.814614 -0.145680  0.550781  0.108731
1403638628.427830  0.215119 -0.036956  0.030727  0.814247 -0.147794  0.551247  0.106235
1403638628.527829  0.207387 -0.027653  0.027459  0.808371 -0.154091  0.559639  0.097957
1403638628.627830  0.202517 -0.019173  0.025977  0.801555 -0.158737  0.569122  0.091722
1403638628.727829  0.217197 -0.010093  0.023206  0.801145 -0.160544  0.569566  0.089375
1403638628.827830  0.211989 -0.004457  0.021261  0.802670 -0.158563  0.567385  0.093021
1403638628.927830  0.199390 -0.000366  0.010115  0.802741 -0.156162  0.567204  0.097469
1403638629.027829  0.186633  0.003010 -0.000632  0.803755 -0.152735  0.565821  0.102451
1403638629.127830  0.179121  0.003022 -0.009520  0.805083 -0.149923  0.564056  0.105856
1403638629.227829  0.168853  0.007249 -0.016190  0.806087 -0.148427  0.562696  0.107548
1403638629.327830  0.158239  0.012814 -0.020868  0.806863 -0.147736  0.561508  0.108877
1403638629.427830  0.150589  0.020387 -0.022793  0.810929 -0.148695  0.555454  0.108421
1403638629.527829  0.150208  0.027180 -0.023035  0.815552 -0.151267  0.548488  0.105616
1403638629.627830  0.153567  0.034167 -0.021361  0.815834 -0.156649  0.547879  0.098517
1403638629.727829  0.159714  0.039566 -0.017725  0.811772 -0.164293  0.553370  0.088410
1403638629.827830  0.166489  0.042191 -0.015017  0.805728 -0.167491  0.561781  0.084565
1403638629.927830  0.173154  0.041089 -0.019309  0.799582 -0.164799  0.570482  0.089780
1403638630.027829  0.177247  0.037609 -0.032214  0.793763 -0.157618  0.578742  0.100770
1403638630.127830  0.178009  0.034703 -0.056603  0.794185 -0.153010  0.578210  0.107381
1403638630.227829  0.176348  0.033437 -0.088617  0.798309 -0.150960  0.572563  0.109936
1403638630.327830  0.173243  0.033703 -0.126454  0.804981 -0.150543  0.562796  0.112262
1403638630.427830  0.182023  0.037192 -0.128631  0.811155 -0.156985  0.554868  0.097492
1403638630.527829  0.192888  0.037884 -0.120716  0.801633 -0.149611  0.568881  0.106656
1403638630.627830  0.202420  0.039319 -0.132923  0.800835 -0.149942  0.569772  0.107428
1403638630.727829  0.207335  0.036612 -0.150798  0.827131 -0.143243  0.534605  0.097639
1403638630.827830  0.198559  0.033175 -0.156020  0.824566 -0.145186  0.537220  0.102013
1403638630.927830  0.192843  0.034624 -0.161163  0.825427 -0.143415  0.536551  0.101071
1403638631.027829  0.186339  0.035110 -0.165156  0.825659 -0.143673  0.536225  0.100542
1403638631.127830  0.178924  0.036079 -0.170059  0.825690 -0.144028  0.536163  0.100110
1403638631.227829  0.170980  0.037108 -0.174690  0.825698 -0.143908  0.536148  0.100297
1403638631.327830  0.163546  0.038033 -0.178915  0.825588 -0.143979  0.536296  0.100307
1403638631.427830  0.155612  0.039018 -0.183091  0.825604 -0.143825  0.536272  0.100524
1403638631.527829  0.147717  0.039822 -0.186815  0.825696 -0.143934  0.536096  0.100547
1403638631.627830  0.139843  0.040722 -0.190514  0.825773 -0.143787  0.535973  0.100784
